81.56912619027396,75.77053312558824,120.7842661159448,0
81.56914815204013,75.72309927641435,120.7842686562517,0.1000000862404704
81.56918064877078,75.57665058198184,120.7842744622003,0.4087406792677939
81.56897875233507,75.1574013010123,120.7842740681872,1.292606082279235
81.56822328440036,74.68311703739566,120.7842432126163,2.292606316041201
81.56690842985481,74.20894732200836,120.7841800721817,3.292606235481799
81.56503445010567,73.73495396006928,120.7840846467043,4.292606154922396
81.56260171744876,73.26119861791652,120.7839569362968,5.292606074362993
81.55961071469869,72.78774277163913,120.7837969413122,6.292606308124959
81.55606203471051,72.31464766391942,120.7836046624143,7.292606227565557
81.55195637979324,71.84197424823505,120.783380100499,8.292606147006154
81.54729456101724,71.36978314676514,120.7831232567632,9.292606066446751
81.54207749741641,70.89813460103302,120.7828341326513,10.29260630020872
81.53630621508771,70.4270884312148,120.7825127298975,11.29260621964931
81.52998184618924,69.95670398310908,120.7821590504827,12.29260613908991
81.52310562784014,69.48704008915828,120.7817730967035,13.29260605853051
81.51567890092356,69.01815502259812,120.7813548710892,14.29260629229248
81.50770310879663,68.55010646052487,120.7809043764355,15.29260621173307
81.49917979590937,68.08295143498539,120.7804216158429,16.29260613117367
81.49011060633596,67.61674629839598,120.7799065926656,17.29260605061427
81.48049728222146,67.15154668237463,120.7793593105262,18.29260628437623
81.47034166214749,66.68740746574667,120.7787797733181,19.29260620381683
81.45964567942008,66.22438273084551,120.7781679852187,20.29260612325743
81.4484113602835,65.762525734341,120.7775239506636,21.29260604269803
81.43664082206385,65.30188887170884,120.7768476743595,22.29260627645999
81.42433627124601,64.84252365108431,120.7761391613039,23.29260619590059
81.41150000148798,64.3844806555355,120.775398416743,24.29260611534119
81.39813439157676,63.92780952009478,120.7746254461981,25.29260603478178
81.38424190332954,63.47255890248093,120.7738202554865,26.29260626854375
81.36982507944434,63.01877646340544,120.7729828506635,27.29260618798435
81.35488654130444,62.56650883532723,120.7721132380784,28.29260610742494
81.33942898674051,62.11580160608774,120.7712114243486,29.29260602686554
81.32345518775465,61.66669929628213,120.7702774163527,30.29260626062751
81.30696798821042,61.21924534623078,120.7693112212501,31.29260618006811
81.28997030149318,60.7734820914871,120.7683128464669,32.2926060995087
81.27246510814469,60.32945075313825,120.767282299721,33.2926060189493
81.25445545347569,59.88719142190897,120.7662195889679,34.29260625271127
81.23594444516124,59.44674305178261,120.7651247224567,35.29260617215186
81.21693525082199,59.00814344213046,120.763997708711,36.29260609159246
81.19743109559552,58.57142923326419,120.7628385565249,37.29260632535443
81.17743525970162,58.13663590357383,120.7616472749341,38.29260624479502
81.15695107600513,57.7037977564103,120.7604238732974,39.29260616423562
81.13598192757971,57.2729479216186,120.7591683612045,40.29260608367622
81.11453124527634,56.84411835068583,120.7578807485352,41.29260631743819
81.09260250529984,56.41733982122712,120.7565610454349,42.29260623687878
81.07019922679638,55.99264192974485,120.7552092623318,43.29260615631938
81.04732496945547,55.57005309890337,120.7538254099009,44.29260607575998
81.02398333112932,55.14960057825017,120.7524094991186,45.29260630952194
81.00017794547225,54.73131045409875,120.7509615412164,46.29260622896254
80.97591247960315,54.31520764752382,120.7494815477066,47.29260614840314
80.95119063179347,53.90131592666988,120.7479695303509,48.29260606784374
80.9260161291831,53.48965791233302,120.7464255012055,49.2926063016057
80.90039272552671,53.0802550924931,120.7448494726013,50.2926062210463
80.87432419897245,52.67312782476591,120.7432414571131,51.2926061404869
80.84781434987526,52.26829535298652,120.7416014676282,52.29260605992749
80.82086699864659,51.86577581681154,120.7399295172536,53.29260629368946
80.79348598364228,51.46558627012931,120.7382256194214,54.29260621313006
80.76567515909026,51.06774268713526,120.7364897878006,55.29260613257065
80.73743839305951,50.67225998232833,120.7347220363308,56.29260605201125
80.7087795654717,50.27915202337312,120.7329223792576,57.29260628577322
80.67970256615666,49.88843165249122,120.7310908310483,58.29260620521381
80.65021129295268,49.50011069536133,120.7292274064666,59.29260612465441
80.62030964641887,49.11419990599848,120.7273321201574,60.29260604409501
80.59000154167911,48.7307092933186,120.7254049882195,61.29260627785698
80.55929088631406,48.34964767719534,120.7234460258378,62.29260619729757
80.52818159212927,47.97102301146818,120.7214552488531,63.29260611673817
80.49667757014383,47.59484233024955,120.7194326733907,64.29260603617877
80.46478272897613,47.2211117648262,120.7173783158314,65.29260626994073
80.43250097327885,46.84983656871866,120.7152921928428,66.29260618938133
80.3998362022232,46.48102112987792,120.7131743213513,67.29260610882193
80.36679230803267,46.11466899624029,120.7110247185665,68.29260602826253
80.33337317456599,45.75078289354195,120.7088434019433,69.29260626202449
80.29958267594958,45.3893647511954,120.7066303892407,70.29260618146509
80.26542467525887,45.03041571510098,120.7043856984674,71.29260610090569
80.23090302324859,44.67393617366647,120.7021093478979,72.29260602034628
80.1960215571316,44.31992577599912,120.6998013560942,73.29260625410825
80.1607840994057,43.96838345794119,120.6974617418755,74.29260617354885
80.12519445672805,43.61930745498534,120.6950905243384,75.29260609298944
80.08925641883685,43.27269532691034,120.6926877228425,76.29260632675141
80.05297375751942,42.92854398236392,120.690253357021,77.29260624619201
80.01635022562617,42.58684969150732,120.6877874467791,78.29260616563261
79.97938955612987,42.24760811163301,120.6852900122813,79.2926060850732
79.94209546122931,41.91081430478839,120.6827610739865,80.29260631883517
79.90447163149672,41.57646276305565,120.6802006525904,81.29260623827577
79.86652173506822,41.24454742052333,120.677608769086,82.29260615771636
79.82824941687613,40.91506167817948,120.6749854447116,83.29260607715696
79.78965829792291,40.58799842066192,120.6723307009934,84.29260631091893
79.75075197459509,40.26335004066652,120.6696445597245,85.29260623035952
79.71153401801688,39.94110844992875,120.6669270429475,86.29260614980012
79.67200797344231,39.62126510309528,120.6641781729995,87.29260606924072
79.63217735968499,39.30381101338028,120.6613979724752,88.29260630300269
79.59204566858443,38.98873677583554,120.6585864642302,89.29260622244328
79.55161636450825,38.67603257716495,120.6557436714074,90.29260614188388
79.51089288388897,38.36568821833756,120.6528696173973,91.29260606132448
79.46987863479468,38.05769312901095,120.6499643258721,92.29260629508644
79.42857699653253,37.75203638948499,120.6470278207626,93.29260621452704
79.38699131928396,37.44870673919902,120.6440601262875,94.29260613396764
79.34512492377084,37.14769259799196,120.6410612669042,95.29260605340824
79.30298110095156,36.84898207915198,120.6380312673518,96.2926062871702
79.260563111746,36.55256300998811,120.6349701526524,97.2926062066108
79.21787418678838,36.25842293890788,120.6318779480607,98.2926061260514
79.17491752620739,35.9665491552696,120.6287546791373,99.29260604549199
79.13169629943214,35.67692870101556,120.6256003716762,100.292606279254
79.08821364502344,35.38954838980069,120.6224150517592,101.2926061986946
79.04447267052927,35.1043948126359,120.619198745725,102.2926061181352
79.00047645236359,34.82145435633179,120.6159514801902,103.2926060375758
78.95622803570754,34.54071321366359,120.6126732820203,104.2926062713377
78.91173043443247,34.26215740109771,120.6093641783727,105.2926061907783
78.86698663104326,33.98577276302325,120.6060241966397,106.2926061102189
78.82199957664197,33.71154498875296,120.6026533644972,107.2926060296595
78.77677219091019,33.43945962131778,120.5992517098939,108.2926062634215
78.73130736210987,33.16950207378575,120.5958192610269,109.2926061828621
78.6856079471014,32.90165763211895,120.5923560463671,110.2926061023027
78.6396767713786,32.63591147082114,120.588862094658,111.2926060217433
78.59351662911928,32.3722486603786,120.5853374348944,112.2926062555052
78.54713028325142,32.11065418225931,120.5817820963503,113.2926061749458
78.5005204655334,31.85111293045191,120.5781961085468,114.2926060943864
78.4536898766483,31.59360972450846,120.5745795012881,115.2926063281484
78.40664118631109,31.33812932229445,120.5709323046322,116.292606247589
78.35937703338836,31.08465642059026,120.5672545488997,117.2926061670296
78.31190002602978,30.83317566854401,120.5635462646896,118.2926060864702
78.26421274181064,30.58367167294659,120.5598074828349,119.2926063202322
78.21631772058032,30.33612895823491,120.5560382333697,120.2926062396728
78.16821749379831,30.09053217776531,120.552238549858,121.2926061591133
78.11991454101739,29.84686580784343,120.548408462837,122.2926060785539
78.07141131914426,29.60511436445172,120.5445480042408,123.2926063123159
78.02271025537117,29.36526236178599,120.5406572062138,124.2926062317565
77.97381374737344,29.12729431064874,120.5367361011995,125.2926061511971
77.92472416351437,28.89119472973337,120.5327847218841,126.2926060706377
77.87544384305677,28.65694814875641,120.5288031012396,127.2926063043997
77.82597509638093,28.42453911925885,120.5247912724581,128.2926062238403
77.77632020520868,28.19395221202257,120.5207492690479,129.2926061432809
77.72648142283259,27.96517202741328,120.5166771247241,130.2926060627215
77.67646097435068,27.73818319759583,120.5125748735036,131.2926062964834
77.62626105690538,27.51297039644287,120.5084425496534,132.292606215924
77.57588383992713,27.28951833609542,120.5042801876871,133.2926061353646
77.52533146538175,27.06781177643013,120.5000878224037,134.2926060548052
77.4746060480214,26.84783552649384,120.4958654888387,135.2926062885672
77.42370967563882,26.62957445358324,120.4916132222997,136.2926062080078
77.37264440932456,26.41301347903057,120.4873310583589,137.2926061274484
77.32141228372659,26.19813758694935,120.4830190328375,138.292606046889
77.27001530731256,25.98493182489836,120.4786771818226,139.2926062806509
77.21845546263377,25.77338131228625,120.474305541662,140.2926062000915
77.16673470659113,25.56347123545298,120.4699041489621,141.2926061195321
77.11485497070251,25.35518685575265,120.4654730405746,142.2926060389727
77.06281816137138,25.14851350958186,120.461012253636,143.2926062727347
77.01062616015645,24.94343661615277,120.4565218255129,144.2926061921753
76.95828082404216,24.73994167197845,120.4520017938576,145.2926061116159
76.90578398570963,24.53801425837214,120.4474521965567,146.2926060310565
76.85313745380813,24.33764004089587,120.4428730717655,147.2926062648185
76.80034301322667,24.13880477661149,120.4382644579046,148.2926061842591
76.74740242536549,23.9414943080346,120.4336263936311,149.2926061036997
76.6943174284076,23.74569457010178,120.4289589178707,150.2926060231403
76.64108973758975,23.55139158917561,120.4242620698105,151.2926062569022
76.58772104547307,23.35857148977559,120.4195358888874,152.2926061763428
76.53421302221292,23.16722048809233,120.4147804148006,153.2926060957834
76.48056731582807,22.97732489853762,120.409995687497,154.292606015224
76.42678555246887,22.78887113228696,120.40518174717,155.292606248986
76.37286933668456,22.60184570363496,120.4003386343038,156.2926061684266
76.31882025168902,22.41623522309893,120.3954663895975,157.2926060878672
76.26463985962573,22.2320264022783,120.3905650540291,158.2926063216291
76.21032970183107,22.04920605861441,120.385634668819,159.2926062410697
76.1558912990961,21.86776110823699,120.3806752754563,160.2926061605103
76.10132615192695,21.68767857190414,120.3756869156614,161.2926060799509
76.04663574080352,21.50894557293462,120.3706696314339,162.2926063137129
75.9918215264363,21.33154934298462,120.3656234650025,163.2926062331535
75.93688495002152,21.15547721461196,120.3605484588734,164.2926061525941
75.88182743349444,20.9807166269016,120.3554446557846,165.2926060720347
75.82665037978055,20.8072551231522,120.3503120987325,166.2926063057967
75.77135517304497,20.63508035637638,120.3451508309745,167.2926062252373
75.71594317893963,20.46418008161713,120.3399608960108,168.2926061446778
75.66041574484835,20.29454216133329,120.3347423375999,169.2926060641184
75.60477420012992,20.1261545628546,120.3294951997332,170.2926062978804
75.54901985635888,19.95900536366853,120.3242195266885,171.292606217321
75.4931540075639,19.79308274351876,120.3189153629564,172.2926061367616
75.43717793046427,19.6283749895882,120.3135827533033,173.2926060562022
75.38109288470375,19.4648704937771,120.3082217427273,174.2926062899642
75.32490011308228,19.30255775779272,120.3028323764984,175.2926062094048
75.26860084178523,19.14142538507319,120.2974147001214,176.2926061288454
75.21219628061031,18.98146208581935,120.2919687593449,177.292606048286
75.15568762319215,18.82265667410002,120.2864946001791,178.2926062820479
75.09907604722436,18.66499807279126,120.2809922688784,179.2926062014885
75.04236271467923,18.50847530537182,120.2754618119388,180.2926061209291
74.98554876246867,18.353077465512,120.2699032743221,181.2926060403697
74.92863534085942,18.19879385545219,120.2643167066017,182.2926062741317
74.87162355642226,18.04561377838012,120.2587021542349,183.2926061935723
74.81451451039226,17.89352667196535,120.2530596647211,184.2926061130129
74.75730928934479,17.74252207761209,120.2473892857915,185.2926060324535
74.70000896540063,17.59258963732997,120.2416910654347,186.2926062662154
74.64261459642846,17.4437190984673,120.2359650518783,187.292606185656
74.58512722624491,17.29590030528179,120.2302112935995,188.2926061050966
74.52754788481208,17.14912320363289,120.2244298393143,189.2926060245372
74.46987758843287,17.00337783777203,120.2186207379964,190.2926062582992
74.41211733994349,16.85865435499224,120.2127840388457,191.2926061777398
74.35426812890387,16.7149429971361,120.2069197913297,192.2926060971804
74.29633093178549,16.57223410521032,120.2010280451404,193.292606016621
74.23830671215676,16.43051811612708,120.1951088502155,194.292606250383
74.1801964208662,16.28978556727641,120.1891622567509,195.2926061698236
74.12200099622289,16.15002708798368,120.183188315169,196.2926060892642
74.063721364175,16.01123340277627,120.1771870761422,197.2926063230261
74.00535843848552,15.87339533461254,120.1711585905805,198.2926062424667
73.94691312090589,15.73650379630234,120.1651029096429,199.2926061619073
73.88838630134737,15.60054979506057,120.159020084724,200.2926060813479
73.82977885804978,15.46552442913482,120.152910167455,201.2926063151099
73.77109165774836,15.33141889235955,120.1467732097281,202.2926062345505
73.71232555583799,15.19822446550974,120.1406092636489,203.2926061539911
73.65348139653544,15.06593252084219,120.1344183815872,204.2926060734317
73.59456001303914,14.9345345186977,120.1282006161337,205.2926063071936
73.53556222768695,14.80402201201596,120.1219560201243,206.2926062266342
73.47648885211163,14.67438663770459,120.1156846466365,207.2926061460748
73.41734068739409,14.54562012111369,120.1093865489902,208.2926060655154
73.35811852421462,14.41771427267123,120.1030617807401,209.2926062992774
73.2988231430018,14.29066099235169,120.0967103956664,210.292606218718
73.23945531407956,14.1644522610342,120.0903324478122,211.2926061381586
73.1800157978119,14.03908014499845,120.0839279914326,212.2926060575992
73.12050534474564,13.91453679251204,120.0774970810317,213.2926062913612
73.06092469575123,13.7908144383264,120.0710397713474,214.2926062108018
73.00127458216134,13.66790539501299,120.0645561173587,215.2926061302423
72.94155572590765,13.54580205745886,120.0580461742757,216.2926060496829
72.88176883965548,13.42449689946179,120.051509997541,217.2926062834449
72.8219146269366,13.3039824782189,120.0449476428348,218.2926062028855
72.76199378228011,13.18425142567363,120.0383591660739,219.2926061223261
72.70200699134132,13.06529645300537,120.0317446234058,220.2926060417667
72.64195493102878,12.94711034723787,120.0251040712119,221.2926062755287
72.58183826962957,12.82968597572444,120.0184375661092,222.2926061949693
72.52165766693253,12.71301627752057,120.0117451649485,223.2926061144099
72.46141377434986,12.5970942678594,120.0050269248068,224.2926060338505
72.4011072350369,12.48191303478607,119.9982829030041,225.2926062676124
72.34073868401002,12.3674657436556,119.991513157077,226.292606187053
72.28030874826294,12.25374562849074,119.9847177448037,227.2926061064936
72.21981804688117,12.140745996516,119.97789672419,228.2926060259342
72.15926719115491,12.02846022476134,119.9710501534755,229.2926062596962
72.09865678469005,11.916881764597,119.9641780911279,230.2926061791368
72.03798742351779,11.806004133105,119.9572805958478,231.2926060985774
71.9772596962024,11.6958209176155,119.950357726555,232.292606018018
71.91647418394743,11.58632577234829,119.9434095424085,233.2926062517799
71.85563146070051,11.47751242294178,119.936436102792,234.2926061712205
71.79473209325621,11.36937465786779,119.9294374673209,235.2926060906611
71.73377664135774,11.26190633164802,119.9224136958255,236.2926063244231
71.67276565779693,11.15510136809101,119.9153648483825,237.2926062438637
71.6116996885127,11.04895375171349,119.9082909852796,238.2926061633043
71.55057927268813,10.94345753229366,119.9011921670372,239.2926060827449
71.48940494284597,10.83860682155438,119.8940684544059,240.2926063165069
71.42817721441983,10.7343957738334,119.8869199059636,241.2926062359475
71.366896627925,10.63081867323718,119.8797465876796,242.2926061553881
71.30556368595362,10.52786979444674,119.8725485585874,243.2926060748287
71.24417889531459,10.42554349539529,119.8653258803433,244.2926063085906
71.18274275661322,10.32383419784317,119.8580786148132,245.2926062280312
71.1212557643385,10.22273637882551,119.8508068240899,246.2926061474718
71.05971840694893,10.12224457525663,119.8435105704875,247.2926060669124
70.99813116695726,10.0223533806552,119.8361899165438,248.2926063006744
70.93649452101384,9.923057449751749,119.8288449250294,249.292606220115
70.87480893998864,9.824351489976848,119.8214756589205,250.2926061395556
70.81307488905209,9.726230266078469,119.8140821814195,251.2926060589962
70.75129282775482,9.628688596878105,119.8066645559493,252.2926062927581
70.68946321010603,9.531721359893249,119.7992228461644,253.2926062121987
70.62758648465064,9.435323482846702,119.7917571159287,254.2926061316393
70.56566309454549,9.339489948325271,119.784267429317,255.2926060510799
70.50369347763422,9.244215790527969,119.7767538506469,256.2926062848419
70.44167806652099,9.14949609994423,119.7692164444325,257.2926062042825
70.37961728864323,9.055326014872081,119.7616552754216,258.2926061237231
70.3175115663432,8.9617007260834,119.7540704085686,259.2926060431637
70.25536131693843,8.868615473631461,119.7464619090506,260.2926062769257
70.1931669527912,8.776065551524708,119.7388298422666,261.2926061963663
70.13092888137686,8.684046299272856,119.7311742738184,262.2926061158068
70.06864750535127,8.592553106587001,119.7234952695353,263.2926060352474
70.00632322261698,8.50158141019544,119.7157928954648,264.2926062690094
69.9439564263887,8.411126698543908,119.7080672178527,265.29260618845
69.88154750525756,8.321184503376173,119.7003183031829,266.2926061078906
69.81909684325447,8.231750404443725,119.6925462181343,267.2926060273312
69.75660481991255,8.142820026354757,119.6847510296075,268.2926062610932
69.69407181032862,8.054389043288756,119.6769328047139,269.2926061805338
69.63149818522376,7.966453170598098,119.6690916107855,270.2926060999744
69.56888431100289,7.879008169558643,119.6612275153575,271.292606019415
69.50623054981347,7.792049844209815,119.6533405861792,272.2926062531769
69.44353725960356,7.705574046124315,119.6454308912162,273.2926061726175
69.38080479417853,7.619576666017494,119.6374984986369,274.2926060920581
69.3180335032574,7.53405363718936,119.6295434768326,275.2926063258201
69.25522373252798,7.449000938996689,119.6215658943902,276.2926062452607
69.19237582370148,7.364414588460771,119.6135658201183,277.2926061647013
69.129490114566,7.280290645072458,119.6055433230267,278.2926060841419
69.0665669390394,7.196625207668768,119.597498472338,279.2926063179038
69.0036066272215,7.113414419232573,119.5894313374856,280.2926062373444
68.9406095054451,7.030654458555668,119.5813419881042,281.292606156785
68.87757589632668,6.948341545016175,119.573230494042,282.2926060762256
68.81450611881606,6.866471935525136,119.5650969253511,283.2926063099876
68.75140048824544,6.785041929314122,119.5569413522917,284.2926062294282
68.6882593163776,6.704047859619163,119.5487638453233,285.2926061488688
68.62508291145359,6.62348609850962,119.5405644751218,286.2926060683094
68.56187157823945,6.543353053814275,119.5323433125595,287.2926063020714
68.49862561807247,6.463645173961753,119.5241004287218,288.292606221512
68.43534532890654,6.384358939664875,119.5158358948838,289.2926061409526
68.37203100535709,6.305490868779079,119.5075497825446,290.2926060603932
68.30868293874505,6.227037513241701,119.499242163387,291.2926062941551
68.2453014171405,6.148995463931747,119.4909131093082,292.2926062135957
68.18188672540535,6.071361342391613,119.4825626924066,293.2926061330363
68.11843914523566,5.994131805670323,119.4741909849763,294.2926060524769
68.05495895520309,5.917303543319115,119.4657980595184,295.2926062862389
67.99144643079605,5.840873282242486,119.4573839887325,296.2926062056795
67.92790184445981,5.764837778446451,119.4489488455174,297.2926061251201
67.86432546563655,5.68919382190835,119.4404927029755,298.2926060445607
67.80071756080427,5.613938233576068,119.4320156344038,299.2926062783226
67.73707839351563,5.539067870254954,119.4235177133041,300.2926061977632
67.67340822443576,5.464579616359292,119.4149990133692,301.2926061172038
67.60970729999137,5.390470371372652,119.4064596054841,302.2926060366444
67.54597589795318,5.316737116676135,119.3978995697562,303.2926062704064
67.48221425916715,5.243376815609514,119.389318977469,304.292606189847
67.41842263311824,5.170386475213019,119.3807179031055,305.2926061092876
67.35460126658607,5.097763133641683,119.3720964213535,306.2926060287282
67.29075040367965,5.025503857167902,119.3634546070862,307.2926062624902
67.2268702858718,4.953605745128363,119.3547925353778,308.2926061819308
67.16296115203286,4.882065921699163,119.3461102814863,309.2926061013713
67.09902323846418,4.810881540818289,119.3374079208834,310.2926060208119
67.03505677893078,4.740049783241588,119.328685529219,311.2926062545739
66.97106200469383,4.66956786147115,119.3199431823359,312.2926061740145
66.90703914454261,4.599433011564527,119.311180956277,313.2926060934551
66.84298842482579,4.52964249675982,119.3023989272733,314.2926063272171
66.77891006948258,4.460193611103245,119.2935971717461,315.2926062466577
66.71480430007318,4.391083671275786,119.2847757663094,316.2926061660983
66.65067133580895,4.322310021534172,119.2759347877682,317.2926060855389
66.586511393582,4.253870030786798,119.2670743131175,318.2926063193008
66.52232468799453,4.185761097564777,119.2581944195381,319.2926062387414
66.45811143138761,4.117980641840214,119.2492951844106,320.292606158182
66.39387183386957,4.050526109997886,119.2403766852849,321.2926060776226
66.32960610334413,3.983394971925257,119.2314389999246,322.2926063113846
66.2653144455378,3.916584725982976,119.2224822062553,323.2926062308252
66.20099706402731,3.850092890853148,119.2135063824016,324.2926061502658
66.13665416026635,3.783917010515055,119.2045116066811,325.2926060697064
66.07228593361204,3.718054651356868,119.1954979575885,326.2926063034683
66.0078925813509,3.65250340714953,119.1864655138006,327.2926062229089
65.94347429872478,3.58726089091342,119.1774143541925,328.2926061423495
65.87903127895594,3.522324739914987,119.1683445578074,329.2926060617901
65.81456371327228,3.457692612767028,119.1592562038868,330.2926062955521
65.75007179093178,3.393362194447911,119.1501493718515,331.2926062149927
65.68555569924686,3.329331188158033,119.1410241412977,332.2926061344333
65.62101562360839,3.265597320330437,119.1318805920191,333.2926060538739
65.55645174750913,3.202158337759708,119.1227188039675,334.2926062876359
65.49186425256715,3.139012012608933,119.113538857303,335.2926062070765
65.42725331854882,3.076156134304156,119.104340832353,336.2926061265171
65.36261912339123,3.013588514530699,119.0951248096253,337.2926060459577
65.29796184322468,2.951306984398428,119.085890869811,338.2926062797196
65.23328165239467,2.889309399445343,119.0766390937797,339.2926061991602
65.16857872348348,2.827593631535415,119.0673695625728,340.2926061186008
65.10385322733171,2.766157573898881,119.0580823574273,341.2926060380414
65.03910533305925,2.704999138267622,119.0487775597339,342.2926062718034
64.97433520808626,2.644116259922606,119.039455251087,343.292606191244
64.90954301815343,2.583506889584483,119.0301155132347,344.2926061106846
64.84472892734246,2.523168998466343,119.0207584281179,345.2926060301252
64.77989309809585,2.463100575427745,119.0113840778449,346.2926062638871
64.71503569123671,2.403299632024589,119.0019925447041,347.2926061833277
64.650156865988,2.343764194416475,118.9925839111484,348.2926061027683
64.58525677999189,2.284492308429536,118.9831582598217,349.2926060222089
64.52033558932847,2.2254820367046,118.9737156735273,350.2926062559709
64.45539344853441,2.166731463779443,118.9642562352474,351.2926061754115
64.39043051062139,2.108238688001255,118.9547800281371,352.2926060948521
64.32544692709413,2.050001826574886,118.9452871355261,353.2926060142927
64.26044284796833,1.992019012767457,118.9357776409079,354.2926062480547
64.19541842178826,1.934288400953108,118.9262516279505,355.2926061674953
64.13037379564415,1.876808158551041,118.9167091805029,356.2926060869358
64.06530911518932,1.819576469793203,118.9071503825644,357.2926063206978
64.00022452465721,1.762591539463219,118.8975753183213,358.2926062401384
63.93512016687788,1.705851584849325,118.8879840721183,359.292606159579
63.86999618329471,1.649354840814825,118.8783767284749,360.2926060790196
63.80485271398037,1.593099556994148,118.8687533720749,361.2926063127816
63.73968988602018,1.537083990027118,118.8591140843118,362.2926062322222
63.67450786005356,1.481306446968749,118.8494589571137,363.2926061516628
63.60930676050986,1.425765213086046,118.8397880722259,364.2926060711034
63.54408672213764,1.370458600646258,118.8301015149873,365.2926063048653
63.47884787839293,1.315384941094988,118.8203993709221,366.2926062243059
63.41359036145418,1.260542577015932,118.8106817257067,367.2926061437465
63.34831430223704,1.205929867219544,118.8009486651936,368.2926060631871
63.2830198304089,1.151545183958231,118.7912002753865,369.2926062969491
63.21770707440337,1.097386918019109,118.78143664246,370.2926062163897
63.15237616143441,1.043453470692912,118.7716578527543,371.2926061358303
63.08702721751034,0.989743258870284,118.7618639927614,372.2926060552709
63.02166036744772,0.9362547122630154,118.7520551491461,373.2926062890328
62.95627573488491,0.8829862785104776,118.7422314087271,374.2926062084734
62.89087344229566,0.8299364151478912,118.7323928584856,375.292606127914
62.8254536110022,0.7771035947081996,118.7225395855612,376.2926060473546
62.76001636118853,0.7244863019650591,118.7126716772564,377.2926062811166
62.69456181191335,0.672083039031686,118.7027892210299,378.2926062005572
62.62909008112268,0.6198923173361385,118.6928923044989,379.2926061199978
62.5636012856626,0.5679126627445744,118.6829810154404,380.2926060394384
62.49809554129165,0.5161426127965781,118.67305544179,381.2926062732004
62.4325729626931,0.4645807218104183,118.6631156716321,382.292606192641
62.36703366348707,0.4132255528798702,118.6531617932196,383.2926061120816
62.30147775624244,0.3620756829908664,118.643193894949,384.2926060315222
62.23590535248879,0.3111297002566714,118.6332120653797,385.2926062652841
62.17031656272788,0.2603862090541681,118.6232163932227,386.2926061847247
62.1047114964453,0.2098438220038599,118.6132069673431,387.2926061041653
62.0390902621217,0.1595011651009955,118.603183876764,388.2926060236059
61.97345296724406,0.1093568749618361,118.593147210654,389.2926062573679
61.90779971831677,0.05940960395606058,118.5830970583365,390.2926061768085
61.84213062087248,0.009658012200939757,118.5730335092931,391.2926060962491
61.77644577948296,-0.0398992273113532,118.5629566531506,392.2926060156897
61.71074529776966,-0.0892634314438704,118.5528665796855,393.2926062494516
61.64502927841426,-0.1384359017993978,118.5427633788286,394.2926061688922
61.57929782316909,-0.1874179327061953,118.5326471406615,395.2926060883328
61.51355103286723,-0.2362108073908561,118.5225179554054,396.2926063220948
61.44778900743279,-0.2848157941664197,118.5123759134431,397.2926062415354
61.38201184589071,-0.3332341544058573,118.5022211052956,398.292606160976
61.3162196463768,-0.3814671374229505,118.4920536216396,399.2926060804166
61.25041250614732,-0.4295159831848893,118.4818735532908,400.2926063141786
61.18459052158865,-0.4773819171873112,118.4716809912179,401.2926062336192
61.11875378822679,-0.5250661584372959,118.4614760265295,402.2926061530598
61.05290240073667,-0.5725699142932624,118.4512587504823,403.2926060725003
60.98703645295149,-0.6198943832214014,118.4410292544862,404.2926063062623
60.9211560378717,-0.6670407496169908,118.4307876300782,405.2926062257029
60.85526124767416,-0.7140101918179719,118.4205339689488,406.2926061451435
60.78935217372103,-0.7608038769242178,118.4102683629344,407.2926060645841
60.72342890656849,-0.8074229635486335,118.3999909040122,408.2926062983461
60.65749153597542,-0.8538685966503282,118.3897016842957,409.2926062177867
60.59154015091206,-0.9001419155076682,118.379400796045,410.2926061372273
60.52557483956845,-0.9462440485815778,118.3690883316604,411.2926060566679
60.45959568936274,-0.9921761162135442,118.3587643836836,412.2926062904298
60.39360278694949,-1.03793922548659,118.3484290447914,413.2926062098704
60.32759621822785,-1.083534478194045,118.3380824078058,414.292606129311
60.26157606834955,-1.128962965667426,118.3277245656864,415.2926060487516
60.19554242172692,-1.174225771510862,118.3173556115244,416.2926062825136
60.12949536204074,-1.219323966425169,118.3069756385567,417.2926062019542
60.06343497224799,-1.264258616190414,118.2965847401565,418.2926061213948
59.99736133458948,-1.309030776487822,118.2861830098273,419.2926060408354
59.93127453059749,-1.353641495622228,118.2757705412123,420.2926062745973
59.86517464110326,-1.398091809349937,118.265347428096,421.2926061940379
59.79906174624426,-1.442382748849227,118.25491376438,422.2926061134785
59.73293591333638,-1.486515345604913,118.2444696401681,423.2926060329191
59.66679724541782,-1.530490593850556,118.2340151575409,424.2926062666811
59.6006458084575,-1.574309505866101,118.2235504068658,425.2926061861217
59.53448167989028,-1.617973079576166,118.2130754825885,426.2926061055623
59.46830493649299,-1.661482303494836,118.2025904792872,427.2926060250029
59.40211565439125,-1.704838159417477,118.1920954916723,428.2926062587649
59.33591390906626,-1.748041617244557,118.1815906145866,429.2926061782055
59.26969977536151,-1.791093642952686,118.1710759429998,430.2926060976461
59.20347332748941,-1.833995193408645,118.160551572013,431.2926060170867
59.13723463903778,-1.876747219075481,118.1500175968558,432.2926062508486
59.07098378297644,-1.919350658829591,118.1394741128915,433.2926061702892
59.00472083166351,-1.961806447926859,118.1289212156007,434.2926060897298
58.9384458568516,-2.004115514123864,118.1183590006003,435.2926063234918
58.87215892969434,-2.046278773813292,118.1077875636338,436.2926062429324
58.80586012075226,-2.088297139987456,118.0972070005673,437.292606162373
58.739549499999,-2.130171517036512,118.086617407389,438.2926060818136
58.67322713682739,-2.171902803461916,118.0760188802233,439.2926063155755
58.60689310005524,-2.213491886687893,118.0654115153138,440.2926062350161
58.54054745793131,-2.254939651007032,118.0547954090189,441.2926061544567
58.47419027814112,-2.296246972398285,118.0441706578367,442.2926060738973
58.40782162781268,-2.337414721219431,118.0335373583839,443.2926063076593
58.34144157352207,-2.378443757023538,118.0228956073861,444.2926062270999
58.27505018129917,-2.419334936501613,118.0122455017054,445.2926061465405
58.20864751663314,-2.460089108289493,118.0015871383212,446.2926060659811
58.14223364447786,-2.500707115675401,117.9909206143311,447.2926062997431
58.07580862925737,-2.541189791390437,117.980246026953,448.2926062191837
58.0093725348712,-2.581537965564909,117.9695634735263,449.2926061386243
57.94292542469974,-2.621752460532289,117.9588730515106,450.2926060580648
57.87646736160925,-2.661834093517574,117.9481748584776,451.2926062918268
57.80999840795727,-2.701783671448055,117.9374689921233,452.2926062112674
57.74351862559751,-2.741601998888879,117.9267555502556,453.292606130708
57.67702807588505,-2.781289872854094,117.9160346308036,454.2926060501486
57.61052681968118,-2.820848085484203,117.9053063318097,455.2926062839106
57.54401491735851,-2.860277418862511,117.8945707514304,456.2926062033512
57.47749242880558,-2.899578652949625,117.883827987941,457.2926061227918
57.4109594134319,-2.938752560374025,117.8730781397253,458.2926060422324
57.34441593017261,-2.977799909136615,117.862321305287,459.2926062759943
57.27786203749319,-3.016721457399834,117.8515575832407,460.2926061954349
57.21129779339408,-3.055517961418214,117.8407870723076,461.2926061148755
57.14472325541535,-3.094190170360791,117.8300098713316,462.2926060343161
57.07813848064119,-3.132738828962479,117.8192260792575,463.2926062680781
57.01154352570435,-3.171164672348616,117.8084357951502,464.2926061875187
56.94493844679074,-3.209468433958072,117.7976391181783,465.2926061069593
56.87832329964361,-3.247650840342176,117.7868361476194,466.2926060263999
56.81169813956803,-3.285712613843175,117.7760269828632,467.2926062601618
56.74506302143517,-3.323654467396876,117.7652117234038,468.2926061796024
56.67841799968649,-3.361477112450383,117.7543904688519,469.292606099043
56.61176312833795,-3.399181253779898,117.7435633189134,470.2926060184836
56.54509846098418,-3.4367675921425,117.7327303734128,471.2926062522456
56.47842405080259,-3.474236819091594,117.7218917322716,472.2926061716862
56.41173995055731,-3.511589624900187,117.7110474955152,473.2926060911268
56.34504621260336,-3.548826694656865,117.7001977632854,474.2926063248888
56.27834288889051,-3.585948704391944,117.6893426358165,475.2926062443294
56.21163003096725,-3.622956328991378,117.6784822134541,476.29260616377
56.14490768998458,-3.659850236993203,117.6676165966419,477.2926060832106
56.07817591669995,-3.696631093268223,117.6567458859263,478.2926063169725
56.01143476148101,-3.733299553791074,117.6458701819602,479.2926062364131
55.94468427430931,-3.769856273594465,117.6349895854928,480.2926061558537
55.87792450478408,-3.806301901531128,117.6241041973744,481.2926060752943
55.8111555021258,-3.84263708296889,117.6132141185608,482.2926063090563
55.74437730302491,-3.878862462382282,117.6023194458612,483.2926062284969
55.67758998026225,-3.914978659984025,117.5914202888989,484.2926061479375
55.61079356979199,-3.950986313508307,117.5805167446842,485.2926060673781
55.54398811935572,-3.986886049509394,117.5696089145686,486.29260630114
55.47717367633402,-4.022678486015089,117.5586968999887,487.2926062205806
55.41035028774996,-4.058364240435094,117.5477808024898,488.2926061400212
55.34351800027246,-4.093943924353494,117.5368607237033,489.2926060594618
55.27667686021962,-4.129418146195881,117.5259367653598,490.2926062932238
55.20982691356209,-4.164787506011201,117.5150090292864,491.2926062126644
55.1429682059263,-4.200052603402778,117.504077617401,492.292606132105
55.07610078259776,-4.235214032301307,117.4931426317116,493.2926060515456
55.00922468852415,-4.270272383636703,117.4822041743282,494.2926062853076
54.94233996831866,-4.305228240128129,117.471262347447,495.2926062047482
54.87544666626303,-4.34008218418415,117.4603172533589,496.2926061241888
54.80854482631067,-4.374834792709807,117.4493689944393,497.2926060436293
54.74163449208978,-4.409486639755854,117.4384176731583,498.2926062773913
54.67471570690627,-4.444038291308808,117.4274633920777,499.2926061968319
54.6077885137469,-4.478490313202564,117.4165062538459,500.2926061162725
54.54085295528224,-4.51284326590439,117.4055463612003,501.2926060357131
54.47390907386951,-4.547097707177311,117.3945838169693,502.2926062694751
54.40695691155558,-4.581254186858954,117.3836187240604,503.2926061889157
54.33999651007985,-4.615313254779739,117.3726511854793,504.2926061083563
54.27302791087706,-4.649275455549048,117.3616813043045,505.2926060277969
54.2060511550801,-4.683141331201734,117.3507091837128,506.2926062615588
54.13906628352289,-4.716911415989809,117.3397349269571,507.2926061809994
54.07207333674305,-4.750586244301155,117.3287586373817,508.29260610044
54.00507235498459,-4.784166345418168,117.3177804184024,509.2926060198806
53.93806337820078,-4.817652246208334,117.3068003735325,510.2926062536426
53.87104644605664,-4.85104446587413,117.2958186063561,511.2926061730832
53.80402159793171,-4.884343523878297,117.2848352205474,512.2926060925238
53.73698887292258,-4.917549936038239,117.273850319858,513.2926063262857
53.66994830984559,-4.950664210615128,117.2628640081193,514.2926062457263
53.60289994723925,-4.983686856221977,117.2518763892449,515.2926061651669
53.53584382336686,-5.016618376604508,117.2408875672245,516.2926060846075
53.468779976219,-5.049459273296804,117.2298976461298,517.2926063183695
53.40170844351604,-5.082210040401598,117.218906730106,518.2926062378101
53.33462926271056,-5.114871172497212,117.207914923385,519.2926061572507
53.2675424709898,-5.14744315940875,117.1969223302649,520.2926060766913
53.200448105278,-5.179926488880773,117.1859290551238,521.2926063104533
53.13334620223891,-5.212321641333435,117.1749352024171,522.2926062298939
53.06623679827806,-5.24462909778437,117.163940876676,523.2926061493345
52.99911992954502,-5.276849334619127,117.1529461824994,524.2926060687751
52.93199563193588,-5.308982826246003,117.141951224562,525.292606302537
52.86486394109541,-5.341030039874014,117.1309561076205,526.2926062219776
52.79772489241934,-5.372991443415791,117.119960936493,527.2926061414182
52.73057852105664,-5.404867500266453,117.1089658160754,528.2926060608588
52.66342486191165,-5.436658671951057,117.0979708513314,529.2926062946208
52.59626394964631,-5.468365412902899,117.0869761472941,530.2926062140614
52.52909581868239,-5.499988178376969,117.0759818090728,531.292606133502
52.46192050320357,-5.531527419203061,117.0649879418388,532.2926060529426
52.3947380371575,-5.562983584463231,117.0539946508352,533.2926062867045
52.3275484542581,-5.594357116243113,117.0430020413751,534.2926062061451
52.26035178798744,-5.625648457550475,117.0320102188361,535.2926061255857
52.19314807159785,-5.656858047082485,117.0210192886616,536.2926060450263
52.12593733811402,-5.687986321877347,117.0100293563655,537.2926062787883
52.058719620335,-5.719033712090783,116.9990405275203,538.2926061982289
51.99149495083613,-5.750000648887631,116.9880529077682,539.2926061176695
51.9242633619711,-5.780887559233996,116.9770666028171,540.2926060371101
51.85702488587386,-5.811694868523731,116.9660817184295,541.2926062708721
51.78977955446055,-5.842422995371616,116.9550983604413,542.2926061903127
51.72252739943142,-5.873072359496056,116.9441166347433,543.2926061097533
51.65526843974162,-5.903643382863341,116.9331366427341,544.2926060291938
51.58800273172519,-5.934136466886596,116.922158499543,545.2926062629558
51.52073029391743,-5.964552025384368,116.9111823066869,546.2926061823964
51.4534511571739,-5.994890467015159,116.9002081703075,547.292606101837
51.38616535214358,-6.025152196400943,116.8892361965936,548.2926060212776
51.31887290927069,-6.055337616800692,116.8782664918017,549.2926062550396
51.25157385879646,-6.08544712485793,116.8672991622407,550.2926061744802
51.18426823076089,-6.115481118513992,116.8563343142778,551.2926060939208
51.11695605500457,-6.145439993093976,116.8453720543384,552.2926063276827
51.04963736117028,-6.175324137367603,116.8344124888945,553.2926062471233
50.98231217870487,-6.205133941479966,116.8234557244914,554.2926061665639
50.91498053686077,-6.234869791689937,116.8125018677101,555.2926060860045
50.84764246469793,-6.26453207304208,116.8015510251935,556.2926063197665
50.78029799108523,-6.294121164121026,116.7906033036406,557.2926062392071
50.71294714470225,-6.32363744494701,116.7796588097981,558.2926061586477
50.64558995404088,-6.353081291762392,116.7687176504614,559.2926060780883
50.57822644740695,-6.382453079653982,116.7577799324836,560.2926063118502
50.51085665292191,-6.411753177340707,116.7468457627656,561.2926062312908
50.4434805985242,-6.440981955062018,116.7359152482586,562.2926061507314
50.37609831197108,-6.470139779342391,116.7249884959656,563.292606070172
50.30870982083996,-6.499227015647063,116.7140656129268,564.292606303934
50.2413151525301,-6.528244023136609,116.7031467062461,565.2926062233746
50.17391433426403,-6.557191162580364,116.6922318830639,566.2926061428152
50.10650739308916,-6.586068791102464,116.6813212505676,567.2926060622558
50.0390943558792,-6.614877264843399,116.6704149159987,568.2926062960178
49.97167524933561,-6.643616933720172,116.65951298663,569.2926062154584
49.90425009998918,-6.672288149321444,116.6486155697903,570.292606134899
49.83681893420137,-6.700891259675437,116.6377227728481,571.2926060543396
49.76938177816584,-6.729426611892936,116.6268347032155,572.2926062881015
49.70193865790983,-6.757894546934983,116.6159514683486,573.2926062075421
49.63448959929551,-6.786295407505552,116.6050731757368,574.2926061269827
49.56703462802152,-6.814629532818991,116.5941999329243,575.2926060464233
49.49957376962422,-6.842897261243857,116.5833318474852,576.2926062801853
49.43210704947915,-6.871098925063444,116.5724690270381,577.2926061996259
49.36463449280229,-6.899234858376149,116.5616115792409,578.2926061190665
49.29715612465154,-6.927305391863558,116.550759611785,579.2926060385071
49.2296719699279,-6.95531085541929,116.5399132324064,580.292606272269
49.16218205337694,-6.983251572923456,116.5290725488721,581.2926061917096
49.09468639958998,-7.011127870142277,116.5182376689927,582.2926061111502
49.02718503300542,-7.038940069481172,116.5074087006033,583.2926060305908
48.95967797791008,-7.066688492627439,116.4965857515854,584.2926062643528
48.89216525844041,-7.094373455324201,116.4857689298497,585.2926061837934
48.82464689858372,-7.121995275254744,116.4749583433386,586.292606103234
48.75712292217955,-7.149554266808069,116.4641541000337,587.2926060226746
48.68959335292072,-7.177050743727468,116.4533563079449,588.2926062564366
48.62205821435474,-7.204485013859482,116.4425650751109,589.2926061758772
48.5545175298849,-7.231857387060604,116.4317805096125,590.2926060953178
48.48697132277145,-7.259168169953858,116.4210027195377,591.2926060147583
48.41941961613292,-7.286417668572172,116.4102318130344,592.2926062485203
48.35186243294718,-7.313606183116447,116.3994678982581,593.2926061679609
48.28429979605261,-7.340734015853524,116.3887110834003,594.2926060874015
48.21673172814933,-7.367801467194677,116.3779614766763,595.2926063211635
48.14915825180029,-7.394808831759383,116.3672191863325,596.2926062406041
48.08157938943242,-7.421756406274519,116.3564843206368,597.2926061600447
48.0139951633377,-7.448644484339951,116.3457569878883,598.2926060794853
47.94640559567435,-7.475473359062693,116.3350372964087,599.2926063132472
47.87881070846792,-7.502243317823904,116.324325354537,600.2926062326878
47.81121052361228,-7.528954650159573,116.3136212706468,601.2926061521284
47.74360506287088,-7.555607642542014,116.3029251531279,602.292606071569
47.67599434787768,-7.582202580995654,116.2922371103923,603.292606305331
47.60837838767852,-7.608739750945814,116.2815572462414,604.2926062247716
47.54075722856908,-7.635219424812194,116.2708856783966,605.2926061442122
47.47313087934361,-7.661641887224134,116.2602225107048,606.2926060636528
47.40549936112878,-7.688007417355013,116.2495678516516,607.2926062974147
47.33786269492705,-7.714316288739195,116.2389218097569,608.2926062168553
47.27022090161763,-7.740568777195841,116.228284493548,609.2926061362959
47.20257400195755,-7.766765155558839,116.2176560115749,610.2926060557365
47.13492201658261,-7.792905696340505,116.2070364724023,611.2926062894985
47.06726496600832,-7.818990666477625,116.1964259846063,612.2926062089391
46.99960287063101,-7.845020335218827,116.1858246567836,613.2926061283797
46.93193575072865,-7.870994968903282,116.1752325975458,614.2926060478203
46.86426362646188,-7.896914833574656,116.1646499155149,615.2926062815823
46.79658651787503,-7.922780189759556,116.1540767193292,616.2926062010229
46.72890444489693,-7.948591300354529,116.1435131176386,617.2926061204635
46.66121742734188,-7.974348425373065,116.1329592190968,618.2926060399041
46.59352548491066,-8.000051824598646,116.1224151323795,619.292606273666
46.52582863719133,-8.025701752338065,116.1118809661657,620.2926061931066
46.4581269036602,-8.051298465309696,116.1013568291501,621.2926061125472
46.39042030368278,-8.076842217404822,116.0908428300254,622.2926060319878
46.32270885651455,-8.102333262327106,116.0803390775072,623.2926062657498
46.25499258130194,-8.127771848339158,116.069845680302,624.2926061851904
46.18727149708313,-8.153158226176304,116.0593627471389,625.292606104631
46.11954562278901,-8.178492643776806,116.0488903867372,626.2926060240716
46.051814977244,-8.203775348943482,116.0384287078377,627.2926062578335
45.98407957916685,-8.229006584088427,116.0279778191743,628.2926061772741
45.91633944717157,-8.254186594120316,116.0175378294853,629.2926060967147
45.84859459976821,-8.279315621214815,116.0071088475161,630.2926060161553
45.78084505536368,-8.304393907437067,115.996690982015,631.2926062499173
45.71309083226267,-8.32942168951341,115.9862843417304,632.2926061693579
45.64533194866831,-8.35439920671034,115.9758890354087,633.2926060887985
45.57756842268314,-8.379326696908892,115.9655051717982,634.2926063225605
45.50980027230977,-8.40420439267878,115.9551328596517,635.2926062420011
45.44202751545182,-8.429032529155519,115.9447722077148,636.2926061614417
45.37425016991455,-8.4538113388166,115.9344233247348,637.2926060808823
45.30646825340575,-8.478541054101644,115.9240863194509,638.2926063146442
45.23868178353642,-8.503221902172532,115.9137613006087,639.2926062340848
45.1708907778217,-8.527854112814037,115.9034483769374,640.2926061535254
45.10309525368148,-8.552437913170943,115.8931476571724,641.292606072966
45.03529522844112,-8.576973530400419,115.8828592500395,642.292606306728
44.9674907193324,-8.601461186423357,115.8725832642585,643.2926062261686
44.89968174349401,-8.625901105810481,115.8623198085352,644.2926061456092
44.8318683179725,-8.650293510541632,115.8520689915804,645.2926060650498
44.76405045972285,-8.674638622639996,115.8418309220924,646.2926062988117
44.69622818560931,-8.698936658931267,115.8316057087541,647.2926062182523
44.62840151240599,-8.723187838929448,115.8213934602463,648.2926061376929
44.56057045679766,-8.747392379587613,115.8111942852311,649.2926060571335
44.49273503538048,-8.77155049794988,115.8010082923693,650.2926062908955
44.42489526466257,-8.79566240588724,115.7908355903028,651.2926062103361
44.35705116106477,-8.819728317998065,115.7806762876617,652.2926061297767
44.28920274092138,-8.84374844636635,115.770530493066,653.2926060492173
44.22135002048075,-8.867723003180995,115.7603983151175,654.2926062829792
44.15349301590598,-8.891652195510478,115.7502798624037,655.2926062024198
44.08563174327558,-8.915536233178379,115.7401752435017,656.2926061218604
44.01776621858418,-8.939375323524986,115.7300845669688,657.292606041301
43.9498964577431,-8.963169674034118,115.7200079413396,658.292606275063
43.88202247658107,-8.986919487099492,115.7099454751406,659.2926061945036
43.81414429084485,-9.010624967909758,115.6998972768752,660.2926061139442
43.74626191619983,-9.034286319190212,115.6898634550262,661.2926060333848
43.67837536823075,-9.057903743860333,115.6798441180572,662.2926062671468
43.61048466244225,-9.081477439768888,115.6698393744109,663.2926061865874
43.54258981425951,-9.105007607587041,115.6598493325164,664.292606106028
43.4746908262476,-9.128494449769345,115.6498740960069,665.2926060254686
43.4067877392355,-9.151938156378012,115.6399137827839,666.2926062592305
43.33888055563408,-9.175338925056847,115.6299684964415,667.2926061786711
43.27096929055688,-9.198696952098494,115.620038345307,668.2926060981117
43.20305395904094,-9.22201243140309,115.6101234376838,669.2926060175523
43.13513457604747,-9.245285557120798,115.6002238818519,670.2926062513143
43.06721115646245,-9.268516518394495,115.5903397860675,671.2926061707549
42.99928371509717,-9.291705507250498,115.5804712585468,672.2926060901955
42.93135226668885,-9.314852714676556,115.5706184074952,673.2926063239574
42.86341682590118,-9.337958326678544,115.5607813410761,674.292606243398
42.79547740732485,-9.361022532162805,115.5509601674303,675.2926061628386
42.72753402547827,-9.384045517709607,115.5411549946666,676.2926060822792
42.6595866948079,-9.407027470182516,115.5313659308613,677.2926063160412
42.59163542968894,-9.429968571501655,115.5215930840614,678.2926062354818
42.52368024442588,-9.452869006525809,115.5118365622802,679.2926061549224
42.45572115325302,-9.475728957793223,115.5020964734977,680.292606074363
42.38775817033498,-9.498548608179327,115.4923729256634,681.292606308125
42.31979130976718,-9.521328135621109,115.4826660266872,682.2926062275656
42.25182058557665,-9.54406772103483,115.4729758844451,683.2926061470062
42.18384601172208,-9.566767543040097,115.4633026067804,684.2926060664468
42.11586760209487,-9.589427780617669,115.4536463014974,685.2926063002087
42.04788537051916,-9.612048607849703,115.4440070763594,686.2926062196493
41.97989933075274,-9.634630201801492,115.434385039096,687.2926061390899
41.91190949648727,-9.65717273729415,115.4247802974005,688.2926060585305
41.84391588134898,-9.679676389513357,115.4151929589152,689.2926062922925
41.77591849889901,-9.702141328783616,115.4056231312534,690.2926062117331
41.70791736263403,-9.724567728441585,115.3960709219837,691.2926061311737
41.63991248598668,-9.746955759593925,115.3865364386274,692.2926060506143
41.57190388232605,-9.76930559375041,115.3770197886724,693.2926062843762
41.50389156495816,-9.791617397571621,115.3675210795564,694.2926062038168
41.43587554712644,-9.81389134076675,115.358040418676,695.2926061232574
41.36785584201228,-9.836127590833293,115.3485779133789,696.292606042698
41.29983246273537,-9.858326315699575,115.3391336709765,697.29260627646
41.23180542235427,-9.880487678465984,115.329707798719,698.2926061959006
41.16377473386681,-9.902611845305699,115.3203004038241,699.2926061153412
41.09574041021057,-9.924698980207419,115.3109115934521,700.2926060347818
41.02770246426338,-9.946749247609617,115.3015414747215,701.2926062685438
40.95966090884372,-9.968762807156242,115.2921901546933,702.2926061879843
40.89161575671115,-9.990739821577682,115.2828577403861,703.2926061074249
40.82356702056681,-10.01268045144634,115.2735443387664,704.2926060268655
40.75551471305383,-10.03458485780908,115.2642500567417,705.2926062606275
40.68745884675782,-10.05645319693636,115.2549750011794,706.2926061800681
40.61939943420717,-10.07828562821088,115.2457192788861,707.2926060995087
40.55133648787363,-10.10008230888487,115.2364829966127,708.2926060189493
40.4832700201727,-10.1218433966976,115.2272662610621,709.2926062527113
40.41520004346394,-10.14356904463886,115.2180691788744,710.2926061721519
40.34712657005154,-10.16525940883772,115.2088918566415,711.2926060915925
40.27904961218468,-10.18691464461734,115.1997344008969,712.2926063253544
40.21096918205792,-10.20853490256433,115.1905969181107,713.292606244795
40.14288529181162,-10.23012033641737,115.1814795146993,714.2926061642356
40.07479795353235,-10.25167109781585,115.1723822970198,715.2926060836762
40.00670717925333,-10.27318733893183,115.1633053713686,716.2926063174382
39.93861298095477,-10.29466920722503,115.1542488439873,717.2926062368788
39.87051537056431,-10.31611685332329,115.1452128210458,718.2926061563194
39.8024143599574,-10.33753042577737,115.1361974086594,719.29260607576
39.73430996095765,-10.35891007369121,115.1272027128825,720.2926063095219
39.66620218533733,-10.38025594147681,115.1182288396967,721.2926062289625
39.59809104481757,-10.40156817673603,115.109275895029,722.2926061484031
39.52997655106899,-10.42284692500723,115.1003439847382,723.2926060678437
39.46185871571181,-10.44409233241325,115.0914332146176,724.2926063016057
39.39373753765184,-10.46530454376922,115.0825436857613,725.2926062210463
39.32561305373768,-10.48648369696552,115.0736755130893,726.2926061404869
39.25748526277788,-10.50762993800373,115.0648287975664,727.2926060599275
39.18935417619534,-10.5287434100905,115.0560036447105,728.2926062936895
39.12121980536456,-10.54982425177944,115.0472001599774,729.2926062131301
39.05308216161197,-10.57087260485249,115.0384184487493,730.2926061325707
38.98494125621627,-10.59188860906979,115.0296586163413,731.2926060520113
38.9167971004088,-10.61287240480234,115.0209207679945,732.2926062857732
38.84864970537396,-10.63382412778833,115.0122050088748,733.2926062052138
38.78049908224943,-10.65474391701598,115.0035114440807,734.2926061246544
38.71234524212664,-10.67563190946169,114.9948401786305,735.292606044095
38.64418819605101,-10.6964882427457,114.9861913174764,736.292606277857
38.57602795502238,-10.71731304985376,114.9775649654903,737.2926061972976
38.50786452999529,-10.738106467051,114.9689612274642,738.2926061167382
38.43969793187931,-10.75886862861168,114.9603802081247,739.2926060361788
38.37152817153944,-10.77959966946006,114.9518220121072,740.2926062699407
38.30335525979639,-10.80029971991644,114.9432867439746,741.2926061893813
38.23517920742689,-10.82096891358474,114.9347745082168,742.2926061088219
38.16700002516404,-10.84160738210824,114.9262854092349,743.2926060282625
38.09881772369762,-10.86221525778441,114.9178195513614,744.2926062620245
38.03063231367449,-10.88279266833654,114.9093770388308,745.2926061814651
37.96244380569876,-10.90333974477702,114.9009579758076,746.2926061009057
37.89425221033222,-10.92385661617925,114.8925624663752,747.2926060203463
37.82605753809464,-10.94434341229202,114.8841906145244,748.2926062541083
37.75785979946401,-10.96480025829358,114.8758425241649,749.2926061735488
37.68965900487695,-10.9852272826871,114.8675182991301,750.2926060929894
37.6214551647289,-11.00562461334425,114.8592180431606,751.2926063267514
37.55324828937449,-11.02599237358952,114.8509418599069,752.292606246192
37.48503838912791,-11.04633069007117,114.8426898529369,753.2926061656326
37.41682547426307,-11.06663968751673,114.8344621257338,754.2926060850732
37.34860955501396,-11.08691949136352,114.826258781688,755.2926063188352
37.28039064157497,-11.10717022250413,114.818079924099,756.2926062382758
37.21216874410111,-11.12739200518373,114.8099256561845,757.2926061577164
37.14394387270841,-11.14758496172879,114.8017960810639,758.292606077157
37.07571603747405,-11.16774921520073,114.7936913017675,759.2926063109189
37.00748524843683,-11.18788488413309,114.7856114212327,760.2926062303595
36.93925151559731,-11.20799209041049,114.7775565423035,761.2926061498001
36.87101484891816,-11.22807095403847,114.7695267677318,762.2926060692407
36.80277525832437,-11.24812159574938,114.7615222001768,763.2926063030027
36.73453275370363,-11.26814413177551,114.7535429421987,764.2926062224433
36.66628734490651,-11.28813868171313,114.7455890962619,765.2926061418839
36.59803904174681,-11.30810536328744,114.7376607647384,766.2926060613245
36.52978785400171,-11.32804429497622,114.7297580499016,767.2926062950864
36.46153379141222,-11.34795559075677,114.7218810539252,768.292606214527
36.39327686368325,-11.36783936800262,114.7140298788809,769.2926061339676
36.32501708048404,-11.38769574221383,114.7062046267474,770.2926060534082
36.25675445144828,-11.40752482966364,114.6984053993992,771.2926062871702
36.18848898617449,-11.42732674214353,114.6906322986169,772.2926062066108
36.12022069422618,-11.44710159484347,114.6828854260684,773.2926061260514
36.05194958513222,-11.46684950110523,114.6751648833251,774.292606045492
35.98367566838697,-11.48657057505064,114.667470771853,775.292606279254
35.9153989534506,-11.50626492633501,114.659803193018,776.2926061986946
35.84711944974931,-11.52593266802704,114.6521622480805,777.2926061181352
35.77883716667562,-11.54557391135401,114.6445480381935,778.2926060375758
35.71055211358856,-11.56518876834792,114.6369606644084,779.2926062713377
35.64226429981402,-11.58477734657581,114.6294002276582,780.2926061907783
35.57397373464481,-11.60433975703442,114.6218668287829,781.2926061102189
35.50568042734108,-11.62387610890345,114.6143605685074,782.2926060296595
35.43738438713048,-11.64338651216047,114.6068815474491,783.2926062634215
35.36908562320839,-11.66287107234228,114.5994298661126,784.2926061828621
35.30078414473817,-11.68232989843126,114.5920056248988,785.2926061023027
35.23247994789327,-11.70176310039042,114.5846089195447,786.2926060217433
35.16417306768871,-11.72117078060352,114.5772398593181,787.2926062555052
35.09586350023633,-11.74055304543483,114.5698985397348,788.2926061749458
35.02755125457369,-11.75991000189222,114.5625850607439,789.2926060943864
34.95923633970755,-11.77924175649869,114.5552995221742,790.2926063281484
34.89091876461398,-11.7985484113578,114.5480420237491,791.292606247589
34.82259853823864,-11.81783007203185,114.5408126650746,792.2926061670296
34.754275669497,-11.8370868422948,114.5336115456348,793.2926060864702
34.68595016727453,-11.85631882675997,114.5264387648031,794.2926063202322
34.61762204042693,-11.87552612563472,114.5192944218352,795.2926062396728
34.54929129778038,-11.89470884259195,114.5121786158688,796.2926061591133
34.48095794813169,-11.91386707953253,114.5050914459171,797.2926060785539
34.4126220002486,-11.9330009392084,114.4980330108774,798.2926063123159
34.34428346286993,-11.95211051997039,114.4910034095301,799.2926062317565
34.27594234470575,-11.97119592365596,114.4840027405289,800.2926061511971
34.20759865443772,-11.99025725033532,114.4770311024095,801.2926060706377
34.13925240071916,-12.00929460094096,114.4700885935799,802.2926063043997
34.07090359217535,-12.02830807202184,114.4631753123349,803.2926062238403
34.00255223740366,-12.04729776361321,114.456291356837,804.2926061432809
33.93419834497384,-12.06626377400702,114.4494368251235,805.2926060627215
33.86584192342813,-12.08520620235714,114.442611815115,806.2926062964834
33.79748298128153,-12.10412514344777,114.4358164245959,807.292606215924
33.72912152702195,-12.12302069557164,114.4290507512278,808.2926061353646
33.66075756911043,-12.14189295526606,114.4223148925512,809.2926060548052
33.59239111598134,-12.16074201996671,114.4156089459693,810.2926062885672
33.52402217604254,-12.17956798272758,114.40893300876,811.2926062080078
33.45565075767562,-12.19837094013444,114.4022871780726,812.2926061274484
33.38727686923607,-12.2171509870249,114.3956715509266,813.292606046889
33.31890051905344,-12.2359082191419,114.3890862242069,814.2926062806509
33.25052171543158,-12.25464272786992,114.3825312946728,815.2926062000915
33.18214046664877,-12.27335460811268,114.3760068589463,816.2926061195321
33.11375678095796,-12.29204395306169,114.3695130135211,817.2926060389727
33.04537066658696,-12.31071085680125,114.3630498547491,818.2926062727347
32.97698213173852,-12.32935540907673,114.3566174788557,819.2926061921753
32.90859118459063,-12.34797770317246,114.3502159819309,820.2926061116159
32.84019783329666,-12.3665778306492,114.3438454599236,821.2926060310565
32.77180208598548,-12.38515588398807,114.3375060086482,822.2926062648185
32.70340395076174,-12.40371195133456,114.3311977237918,823.2926061842591
32.63500343570597,-12.42224612437771,114.3249207008857,824.2926061036997
32.5666005488748,-12.44075849310246,114.3186750353389,825.2926060231403
32.49819529830109,-12.4592491484202,114.3124608224089,826.2926062569022
32.42978769199414,-12.47771817690637,114.3062781572216,827.2926061763428
32.36137773793983,-12.49616566870564,114.3001271347603,828.2926060957834
32.29296544410083,-12.51459171225152,114.2940078498668,829.292606015224
32.22455081841669,-12.53299639692787,114.2879203972398,830.292606248986
32.15613386880413,-12.55137980779023,114.2818648714356,831.2926061684266
32.08771460315707,-12.56974203345281,114.2758413668689,832.2926060878672
32.01929302934693,-12.5880831621696,114.2698499778107,833.2926063216291
31.95086915522264,-12.60640327787938,114.2638907983846,834.2926062410697
31.88244298861096,-12.62470246808636,114.2579639225714,835.2926061605103
31.81401453731652,-12.64298081862047,114.2520694442064,836.2926060799509
31.74558380912206,-12.66123841625802,114.2462074569739,837.2926063137129
31.67715081178852,-12.67947534347534,114.2403780544182,838.2926062331535
31.60871555305526,-12.69769168632623,114.2345813299298,839.2926061525941
31.54027804064019,-12.71588752919381,114.2288173767465,840.2926060720347
31.47183828223989,-12.73406295741949,114.2230862879705,841.2926063057967
31.40339628552985,-12.75221805204672,114.2173881565432,842.2926062252373
31.33495205816455,-12.77035289771614,114.2117230752565,843.2926061446778
31.26650560777761,-12.78846757739495,114.2060911367525,844.2926060641184
31.19805694198198,-12.80656217502164,114.2004924335251,845.2926062978804
31.12960605555484,-12.824636772483,114.1949270536898,846.292606217321
31.06115298169764,-12.84269144855303,114.1893950978738,847.2926061367616
30.992697715148,-12.86072628706645,114.1838966538826,848.2926060562022
30.92424026343764,-12.87874137059019,114.1784318135924,849.2926062899642
30.85578063407826,-12.89673677741607,114.1730006687276,850.2926062094048
30.78731883456185,-12.91471258943966,114.1676033108452,851.2926061288454
30.71885487236068,-12.93266888690397,114.1622398313575,852.292606048286
30.65038875492752,-12.95060575104436,114.1569103215134,853.2926062820479
30.58192048969575,-12.96852325881761,114.1516148724058,854.2926062014885
30.51345008407952,-12.98642149079527,114.1463535749726,855.2926061209291
30.44497754547394,-13.00430052591548,114.1411265199786,856.2926060403697
30.37650288125506,-13.02216044409531,114.1359337980457,857.2926062741317
30.30802609878016,-13.04000132099879,114.1307754996269,858.2926061935723
30.23954720538783,-13.05782323590577,114.1256517150177,859.2926061130129
30.17106620839812,-13.07562626646717,114.1205625343428,860.2926060324535
30.10258311511265,-13.09341049132502,114.1155080475764,861.2926062662154
30.03409793281477,-13.11117598487262,114.1104883445223,862.292606185656
29.96561066876967,-13.12892282513304,114.1055035148247,863.2926061050966
29.89712133022453,-13.14665108849622,114.1005536479543,864.2926060245372
29.82862992440862,-13.16436085236377,114.0956388332297,865.2926062582992
29.76013645853347,-13.18205218988596,114.0907591597934,866.2926061777398
29.69164093979297,-13.19972517785007,114.0859147166284,867.2926060971804
29.62314337536353,-13.21737989142557,114.0811055925487,868.292606016621
29.55464377240412,-13.23501640679419,114.0763318761992,869.292606250383
29.48614213805655,-13.25263479589503,114.0715936560518,870.2926061698236
29.41763847944546,-13.27023513430963,114.0668910204231,871.2926060892642
29.34913280367847,-13.28781749732783,114.0622240574476,872.2926063230261
29.28062511784635,-13.30538195599707,114.0575928550943,873.2926062424667
29.21211542902311,-13.32292858501728,114.0529975011605,874.2926061619073
29.14360374426611,-13.34045745747619,114.0484380832786,875.2926060813479
29.07509007061621,-13.35796864749403,114.0439146888993,876.2926063151099
29.00657441509787,-13.37546222496029,114.0394274052996,877.2926062345505
28.9380567847193,-13.39293826341074,114.0349763195936,878.2926061539911
28.86953718647251,-13.41039683479509,114.0305615187153,879.2926060734317
28.80101562733349,-13.42783801208104,114.026183089426,880.2926063071936
28.73249211426232,-13.44526186402197,114.0218411183077,881.2926062266342
28.66396665420323,-13.46266846303378,114.0175356917734,882.2926061460748
28.5954392540848,-13.48005787993013,114.0132668960523,883.2926060655154
28.52690992082002,-13.49743018657509,114.0090348172016,884.2926062992774
28.4583786613064,-13.51478545060224,114.0048395410995,885.292606218718
28.3898454824261,-13.53212374332696,114.0006811534467,886.2926061381586
28.32131039104602,-13.54944513446548,113.9965597397641,887.2926060575992
28.25277339401795,-13.56674969478762,113.992475385392,888.2926062913612
28.18423449817867,-13.58403749085181,113.9884281754912,889.2926062108018
28.11569371035,-13.60130859288187,113.9844181950484,890.2926061302423
28.04715103733899,-13.61856306953478,113.980445528854,891.2926060496829
27.97860648593795,-13.63580099050435,113.9765102615338,892.2926062834449
27.91006006292468,-13.65302242129055,113.9726124775189,893.2926062028855
27.84151177506241,-13.67022743106817,113.968752261062,894.2926061223261
27.77296162910004,-13.68741608743965,113.9649296962307,895.2926060417667
27.70440963177214,-13.70458845906336,113.9611448669111,896.2926062755287
27.63585578979917,-13.72174461039695,113.9573978568005,897.2926061949693
27.5673001098875,-13.73888460959157,113.9536887494105,898.2926061144099
27.49874259872951,-13.75600852322235,113.9500176280717,899.2926060338505
27.4301832630037,-13.77311641892617,113.9463845759237,900.2926062676124
27.36162210937487,-13.79020836015464,113.9427896759216,901.292606187053
27.29305914449411,-13.80728441404585,113.9392330108285,902.2926061064936
27.22449437499895,-13.82434464617727,113.935714663221,903.2926060259342
27.15592780751342,-13.84138912319222,113.9322347154894,904.2926062596962
27.08735944864824,-13.85841790755124,113.928793249831,905.2926061791368
27.01878930500083,-13.87543106540856,113.925390348255,906.2926060985774
26.95021737006322,-13.89242866318005,113.9220260886468,907.292606018018
26.88164367659002,-13.90941076289799,113.9187005605017,908.2926062517799
26.81306821804818,-13.92637742787598,113.9154138413123,909.2926061712205
26.74449100098298,-13.9433287233067,113.9121660123201,910.2926060906611
26.6759120319269,-13.96026471415074,113.9089571545783,911.2926063244231
26.60733131739976,-13.97718546118732,113.9057873489355,912.2926062438637
26.5387488639087,-13.99409102889893,113.9026566760558,913.2926061633043
26.47016467794841,-14.01098148023078,113.8995652164012,914.2926060827449
26.40157876600109,-14.027856879204,113.8965130502493,915.2926063165069
26.33299113453666,-14.04471728566862,113.8935002576636,916.2926062359475
26.26440179001274,-14.06156276318821,113.8905269185216,917.2926061553881
26.19581073887483,-14.07839337378437,113.8875931125085,918.2926060748287
26.12721798755632,-14.09520918056484,113.8846989191043,919.2926063085906
26.05862354247868,-14.11201024247467,113.8818444175913,920.2926062280312
25.99002741005142,-14.12879662217263,113.8790296870584,921.2926061474718
25.92142959667229,-14.14556838078244,113.876254806386,922.2926060669124
25.85283010872728,-14.16232558051897,113.8735198542627,923.2926063006744
25.78422895259075,-14.17906827943948,113.8708249091715,924.292606220115
25.71562613462555,-14.19579653932164,113.8681700493989,925.2926061395556
25.64702166118303,-14.2125104204065,113.8655553530225,926.2926060589962
25.57841553860314,-14.22920998404268,113.8629808979276,927.2926062927581
25.50980777321457,-14.24589528741476,113.8604467617861,928.2926062121987
25.44119837133475,-14.26256639143744,113.8579530220732,929.2926061316393
25.37258733927001,-14.27922335549874,113.8554997560595,930.2926060510799
25.30397468331558,-14.29586624008923,113.8530870408113,931.2926062848419
25.23536040975579,-14.31249510154835,113.8507149531852,932.2926062042825
25.16674452486399,-14.32910999994253,113.8483835698407,933.2926061237231
25.09812703490279,-14.34571099382742,113.846092967221,934.2926060431637
25.029507946124,-14.36229814285309,113.8438432215735,935.2926062769257
24.96088726476884,-14.37887150253144,113.841634408931,936.2926061963663
24.89226499706789,-14.39543113211234,113.8394666051172,937.2926061158068
24.82364114924126,-14.41197708931857,113.8373398857566,938.2926060352474
24.75501572749863,-14.42850943299793,113.8352543262545,939.2926062690094
24.68638873803933,-14.44502821784186,113.833210001816,940.29260618845
24.6177601870524,-14.46153350229579,113.8312069874301,941.2926061078906
24.54913008071673,-14.47802534328577,113.8292453578742,942.2926060273312
24.48049842520102,-14.49450379885626,113.8273251877235,943.2926062610932
24.41186522666399,-14.51096892291259,113.8254465513319,944.2926061805338
24.34323049125433,-14.52742077310571,113.8236095228494,945.2926060999744
24.27459422511087,-14.54385940558464,113.8218141762018,946.292606019415
24.20595643436258,-14.56028487760806,113.8200605851162,947.2926062531769
24.13731712512866,-14.57669724231319,113.8183488230989,948.2926061726175
24.06867630351867,-14.59309655657567,113.8166789634406,949.2926060920581
24.00003397563252,-14.6094828770911,113.8150510792193,950.2926063258201
23.9313901475606,-14.62585625642372,113.8134652433,951.2926062452607
23.86274482538377,-14.64221675088284,113.8119215283268,952.2926061647013
23.79409801517357,-14.65856441528988,113.8104200067346,953.2926060841419
23.72544972299212,-14.67489930558172,113.8089607507372,954.2926063179038
23.65679995489231,-14.69122147357976,113.8075438323294,955.2926062373444
23.58814871691786,-14.70753097485767,113.8061693232921,956.292606156785
23.51949601510329,-14.72382786349413,113.8048372951907,957.2926060762256
23.45084185547412,-14.74011219470053,113.8035478193615,958.2926063099876
23.38218624404682,-14.75638401956367,113.8023009669278,959.2926062294282
23.31352918682895,-14.77264339293997,113.8010968087983,960.2926061488688
23.24487068981922,-14.78889036818184,113.7999354156536,961.2926060683094
23.17621075900748,-14.80512499978822,113.798816857955,962.2926063020714
23.10754940037492,-14.82134733813918,113.7977412059445,963.292606221512
23.038886619894,-14.83755743737207,113.796708529645,964.2926061409526
22.97022242352858,-14.85375535015035,113.7957188988485,965.2926060603932
22.901556817234,-14.86994113026027,113.794772383133,966.2926062941551
22.83288979402505,-14.88611482879843,113.7938690484161,967.2926062135957
22.76422138570335,-14.90227649639149,113.793008970697,968.2926061330363
22.69555158526779,-14.91842618642169,113.792192215441,969.2926060524769
22.62688039864012,-14.93456395200111,113.7914188513259,970.2926062862389
22.55820783173389,-14.95068984212909,113.7906889467995,971.2926062056795
22.4895338904544,-14.96680390958634,113.7900025700965,972.2926061251201
22.42085858069891,-14.98290620566289,113.7893597892162,973.2926060445607
22.35218190835658,-14.99899678280224,113.7887606719378,974.2926062783226
22.2835038793086,-15.0150756893437,113.7882052857985,975.2926061977632
22.21482449942821,-15.03114297740034,113.7876936981238,976.2926061172038
22.14614377458075,-15.04719869760977,113.7872259760043,977.2926060366444
22.07746171062377,-15.06324290176008,113.786802186306,978.2926062704064
22.00877831340702,-15.07927563754068,113.7864223956576,979.292606189847
21.94009358877258,-15.09529695642001,113.7860866704668,980.2926061092876
21.87140754255488,-15.11130690838813,113.7857950769094,981.2926060287282
21.80272018058072,-15.12730554459908,113.7855476809264,982.2926062624902
21.7340315086694,-15.14329291210685,113.7853445482315,983.2926061819308
21.66534153263272,-15.1592690617416,113.7851857443065,984.2926061013713
21.59665025827503,-15.17523404287664,113.7850713344005,985.2926060208119
21.52795769139336,-15.19118790603314,113.7850013835296,986.2926062545739
21.45926383777739,-15.20713069764087,113.7849759564806,987.2926061740145
21.39056870320954,-15.22306246792214,113.7849951178041,988.2926060934551
21.321872293465,-15.23898326694219,113.7850589318132,989.2926063272171
21.25317461431185,-15.25489314067409,113.7851674625945,990.2926062466577
21.18447567151103,-15.27079213888287,113.7853207739954,991.2926061660983
21.11577547081643,-15.28668030986979,113.7855189296279,992.2926060855389
21.04707401797496,-15.30255770309984,113.78576199287,993.2926063193008
20.97837131872657,-15.31842436395254,113.7860500268625,994.2926062387414
20.9096673788043,-15.33428034159783,113.7863830945098,995.292606158182
20.84096220393437,-15.3501256837469,113.7867612584778,996.2926060776226
20.77225579983616,-15.36596043927805,113.787184581206,997.2926063113846
20.70354817222236,-15.381784652989,113.7876531248767,998.2926062308252
20.63483932679895,-15.3975983734681,113.78816695145,999.2926061502658
20.56612926926525,-15.41340164784651,113.7887261226369,1000.292606069706
20.49741800531398,-15.42919452443557,113.7893306999167,1001.292606303468
20.42870554063131,-15.44497704745634,113.7899807445265,1002.292606222909
20.35999188089695,-15.46074926493502,113.7906763174578,1003.29260614235
20.29127703178411,-15.47651122343749,113.7914174794741,1004.29260606179
20.22256099895962,-15.49226297071296,113.792204291085,1005.292606295552
20.15384378808393,-15.5080045504301,113.7930368125644,1006.292606214993
20.08512540481123,-15.52373601005288,113.7939151039463,1007.292606134433
20.0164058547894,-15.53945739560762,113.7948392250155,1008.292606053874
19.94768514366011,-15.55516875428601,113.795809235321,1009.292606287636
19.87896327705889,-15.57087012921204,113.7968251941711,1010.292606207076
19.81024026061512,-15.5865615673179,113.7978871606183,1011.292606126517
19.74151609995208,-15.60224311407858,113.7989951934851,1012.292606045958
19.67279080068707,-15.61791481616336,113.8001493513375,1013.29260627972
19.60406436843136,-15.63357671615424,113.8013496925059,1014.29260619916
19.53533680879029,-15.64922886045584,113.802596275068,1015.292606118601
19.46660812736327,-15.6648712940218,113.8038891568649,1016.292606038041
19.3978783297439,-15.68050406299016,113.8052283954812,1017.292606271803
19.32914742151993,-15.6961272094342,113.8066140482615,1018.292606191244
19.26041540827335,-15.71174077922999,113.8080461723057,1019.292606110685
19.19168229558041,-15.72734481682515,113.8095248244535,1020.292606030125
19.1229480890117,-15.74293936784167,113.8110500613138,1021.292606263887
19.05421279413212,-15.75852447384453,113.8126219392389,1022.292606183328
18.98547641650103,-15.77410018020944,113.8142405143317,1023.292606102768
18.91673896167218,-15.78966653087502,113.8159058424471,1024.292606022209
18.8480004351938,-15.80522357097041,113.817617979189,1025.292606255971
18.77926084260867,-15.82077134155744,113.8193769799191,1026.292606175411
18.71052018945412,-15.83630988752298,113.8211828997373,1027.292606094852
18.64177846806435,-15.85183925340562,113.8230357905313,1028.292606014293
18.57303571036059,-15.86735948165803,113.8249357128534,1029.292606248055
18.50429190866717,-15.88287061395125,113.8268827180764,1030.292606167495
18.43554706850004,-15.89837269469145,113.8288768603015,1031.292606086936
18.36680119536996,-15.91386576816104,113.8309181933755,1032.292606320698
18.29805429478242,-15.92934987457694,113.8330067708994,1033.292606240138
18.22930637223781,-15.94482505799251,113.8351426462132,1034.292606159579
18.16055743323139,-15.96029136101712,113.8373258724032,1035.29260607902
18.09180748325328,-15.97574882746798,113.8395565023102,1036.292606312782
18.02305652778861,-15.99119749710446,113.8418345885148,1037.292606232222
17.95430457231745,-16.00663741350552,113.8441601833447,1038.292606151663
17.88555162231496,-16.02206861882837,113.8465333388676,1039.292606071103
17.81679768325129,-16.03749115642771,113.8489541069039,1040.292606304865
17.74804276059173,-16.05290506560813,113.8514225390145,1041.292606224306
17.67928685979671,-16.06831038949949,113.8539386864986,1042.292606143747
17.61052998632179,-16.08370716980791,113.8565026004144,1043.292606063187
17.54177214561779,-16.09909544944279,113.8591143315434,1044.292606296949
17.47301334313075,-16.11447526725941,113.8617739304254,1045.29260621639
17.40425358430195,-16.12984666595262,113.8644814473382,1046.29260613583
17.33549287456805,-16.14520968678452,113.867236932294,1047.292606055271
17.266731219361,-16.16056437222811,113.8700404350575,1048.292606289033
17.19796862410817,-16.17591076070967,113.8728920051281,1049.292606208473
17.12920509423233,-16.19124889448621,113.8757916917466,1050.292606127914
17.06044063515169,-16.20657881439601,113.8787395439022,1051.292606047355
16.99167525227995,-16.22190056248417,113.8817356103118,1052.292606281117
16.92290895102635,-16.23721417675342,113.8847799394398,1053.292606200557
16.85414173679564,-16.25251969904126,113.8878725794902,1054.292606119998
16.78537361498817,-16.26781716976239,113.8910135783999,1055.292606039438
16.71660459099993,-16.2831066305524,113.8942029838545,1056.2926062732
16.64783467022252,-16.29838811899544,113.8974408432623,1057.292606192641
16.57906385804321,-16.3136616765162,113.9007272037916,1058.292606112082
16.51029215984506,-16.32892734313056,113.9040621123277,1059.292606031522
16.44151958100679,-16.34418516005644,113.9074456155004,1060.292606265284
16.37274612690292,-16.35943516448072,113.9108777596848,1061.292606184725
16.3039718029038,-16.37467739742676,113.9143585909796,1062.292606104165
16.23519661437558,-16.38991189850822,113.9178881552289,1063.292606023606
16.16642056668031,-16.40513870854817,113.9214664980045,1064.292606257368
16.09764366517591,-16.42035786433768,113.9250936646231,1065.292606176808
16.02886591521625,-16.43556940651499,113.92876970013,1066.292606096249
15.96008732215116,-16.45077337429298,113.9324946493052,1067.29260601569
15.89130789132645,-16.46596980811912,113.9362685566657,1068.292606249452
15.82252762808393,-16.48115874439502,113.9400914664639,1069.292606168892
15.7537465377615,-16.49634022337166,113.9439634226837,1070.292606088333
15.6849646256931,-16.51151428520596,113.9478844690384,1071.292606322095
15.61618189720879,-16.52668096601879,113.9518546489844,1072.292606241535
15.54739835763476,-16.54184030578055,113.9558740057009,1073.292606160976
15.47861401229337,-16.55699234305344,113.9599425821079,1074.292606080417
15.40982886650316,-16.57213711762693,113.964060420848,1075.292606314179
15.34104292557891,-16.58727466525184,113.9682275643027,1076.292606233619
15.27225619483161,-16.60240502553407,113.972444054587,1077.29260615306
15.20346867956856,-16.61752823666864,113.9767099335377,1078.2926060725
15.13468038509335,-16.63264433808348,113.9810252427333,1079.292606306262
15.06589131670589,-16.64775336517488,113.985390023473,1080.292606225703
14.99710147970245,-16.66285535718344,113.9898043167932,1081.292606145144
14.92831087937571,-16.67795035196072,113.9942681634557,1082.292606064584
14.85951952101471,-16.69303838857209,113.9987816039493,1083.292606298346
14.79072740990497,-16.7081195020634,114.0033446785037,1084.292606217787
14.72193455132844,-16.72319373133669,114.007957427064,1085.292606137227
14.65314095056358,-16.73826111388441,114.012619889314,1086.292606056668
14.58434661288535,-16.75332168844101,114.0173321046595,1087.29260629043
14.5155515305405,-16.76837549048613,114.0220941098905,1088.29260620987
14.44675573484595,-16.78342255701032,114.026905948569,1089.292606129311
14.37795921804227,-16.79846292595844,114.0317676569302,1090.292606048752
14.30916198539073,-16.81349663572632,114.036679273293,1091.292606282514
14.24036404214925,-16.82852372068491,114.0416408356996,1092.292606201954
14.17156539357244,-16.84354421905585,114.0466523819196,1093.292606121395
14.10276604491153,-16.8585581676782,114.0517139494532,1094.292606040835
14.0339660014145,-16.87356560461126,114.0568255755188,1095.292606274597
13.9651652683261,-16.88856656390281,114.0619872970665,1096.292606194038
13.8963638508878,-16.90356108345677,114.0671991507616,1097.292606113479
13.82756175433785,-16.9185491997851,114.072461173012,1098.292606032919
13.75875898391132,-16.93353095063675,114.0777733999321,1099.292606266681
13.68995554484015,-16.94850636973329,114.0831358673722,1100.292606186122
13.62115144235307,-16.96347549467081,114.0885486108955,1101.292606105562
13.55234668167573,-16.97843836164896,114.094011665803,1102.292606025003
13.48354126803066,-16.99339500810148,114.0995250671067,1103.292606258765
13.41473520663734,-17.00834546744664,114.1050888495483,1104.292606178205
13.34592850271215,-17.02328977697257,114.1107030475896,1105.292606097646
13.27712116146849,-17.0382279725731,114.1163676954193,1106.292606017087
13.2083131881167,-17.05316009138143,114.1220828269397,1107.292606250849
13.13950458786418,-17.06808616652044,114.1278484757822,1108.292606170289
13.07069536591533,-17.08300623497029,114.1336646752998,1109.29260608973
13.00188552747163,-17.09792033364763,114.1395314585607,1110.292606323492
12.9330750777316,-17.11282849545375,114.1454488583586,1111.292606242932
12.86426402189089,-17.12773075715198,114.1514169072125,1112.292606162373
12.79545236514227,-17.14262715412607,114.1574356373512,1113.292606081814
12.72664011267562,-17.15751772299949,114.1635050807299,1114.292606315576
12.65782726967801,-17.17240249638866,114.1696252690281,1115.292606235016
12.58901384133369,-17.18728151077077,114.1757962336324,1116.292606154457
12.5201998328241,-17.20215480125031,114.1820180056629,1117.292606073897
12.4513852493279,-17.21702240416995,114.1882906159499,1118.292606307659
12.382570096021,-17.23188435186259,114.1946140950458,1119.2926062271
12.31375437807657,-17.24674068053507,114.2009884732206,1120.29260614654
12.24493810066507,-17.26159142501206,114.2074137804611,1121.292606065981
12.17612126895425,-17.2764366213632,114.2138900464734,1122.292606299743
12.10730388810918,-17.29127630165349,114.220417300683,1123.292606219184
12.03848596329228,-17.30611050181886,114.2269955722331,1124.292606138624
11.96966749966332,-17.32093925641651,114.2336248899828,1125.292606058065
11.90084850237947,-17.33576260125068,114.2403052825039,1126.292606291827
11.83202897659526,-17.35058056812259,114.2470367780988,1127.292606211267
11.76320892746269,-17.36539319270802,114.253819404762,1128.292606130708
11.69438836013113,-17.38020050929934,114.2606531902347,1129.292606050149
11.62556727974747,-17.39500255344903,114.2675381619465,1130.292606283911
11.55674569145601,-17.4097993566972,114.274474347063,1131.292606203351
11.4879236003986,-17.42459095446509,114.2814617724507,1132.292606122792
11.41910101171456,-17.43937738079896,114.2885004647005,1133.292606042232
11.35027793054073,-17.45415867099063,114.2955904501141,1134.292606275994
11.28145436201153,-17.4689348563393,114.3027317547103,1135.292606195435
11.21263031125891,-17.48370597201246,114.3099244042214,1136.292606114876
11.14380578341241,-17.49847205181579,114.3171684240924,1137.292606034316
11.07498078359917,-17.51323313079574,114.3244638394845,1138.292606268078
11.00615531694395,-17.52798924000649,114.3318106752686,1139.292606187519
10.93732938856913,-17.54274041438511,114.3392089560366,1140.292606106959
10.86850300359472,-17.55748668748589,114.3466587060921,1141.2926060264
10.79967616713843,-17.57222809412853,114.354159949442,1142.292606260162
10.73084888431563,-17.58696466513225,114.3617127098178,1143.292606179602
10.66202116023942,-17.60169643519296,114.3693170106553,1144.292606099043
10.59319300002055,-17.61642343764173,114.3769728751095,1145.292606018484
10.52436440876757,-17.63114570706544,114.3846803260431,1146.292606252246
10.45553539158673,-17.64586327405215,114.3924393860316,1147.292606171686
10.38670595358207,-17.66057617307489,114.4002500773631,1148.292606091127
10.31787608657348,-17.67528443908995,114.408112420303,1149.292606324889
10.24904582222378,-17.68998810144554,114.4160264400361,1150.292606244329
10.1802151523491,-17.70468719499091,114.4239921562412,1151.29260616377
10.11138408204467,-17.71938175266229,114.4320095900512,1152.292606083211
10.04255261640357,-17.73407180866454,114.4400787623081,1153.292606316973
9.973720760516754,-17.74875739320668,114.4481996935656,1154.292606236413
9.904888519473033,-17.76343854037754,114.4563724040809,1155.292606155854
9.836055898359101,-17.7781152829123,114.4645969138355,1156.292606075294
9.767222902259567,-17.79278765479516,114.4728732425046,1157.292606309056
9.698389536256954,-17.80745568602925,114.4812014094832,1158.292606228497
9.629555805431721,-17.82211941049584,114.4895814338715,1159.292606147937
9.560721714862265,-17.83677886072264,114.4980133344798,1160.292606067378
9.491887269624945,-17.85143407049453,114.5064971298279,1161.29260630114
9.423052474794108,-17.86608506960393,114.5150328381424,1162.292606220581
9.354217335442085,-17.88073189174258,114.5236204773564,1163.292606140021
9.2853818566392,-17.89537456922758,114.5322600651216,1164.292606059462
9.21654604345381,-17.91001313565103,114.5409516187856,1165.292606293224
9.147709900952311,-17.9246476206159,114.5496951554069,1166.292606212664
9.078873434199126,-17.93927805760654,114.5584906917547,1167.292606132105
9.010036648256753,-17.95390447875698,114.5673382443083,1168.292606051546
8.941199548185754,-17.96852691746336,114.5762378292475,1169.292606285308
8.872362139044796,-17.98314540313745,114.5851894624593,1170.292606204748
8.803524425890636,-17.99775996908221,114.5941931595416,1171.292606124189
8.734686413778137,-18.0123706472421,114.6032489358004,1172.292606043629
8.665848107760313,-18.02697747083018,114.6123568062412,1173.292606277391
8.59700951288829,-18.04158046907018,114.6215167855853,1174.292606196832
8.52817063421138,-18.05617967508842,114.6307288882481,1175.292606116273
8.459331476777049,-18.07077512064935,114.6399931283577,1176.292606035713
8.390492045630928,-18.08536683878285,114.6493095197538,1177.292606269475
8.321652345816871,-18.09995485854236,114.6586780759708,1178.292606188916
8.25281238237692,-18.11453921287402,114.6680988102516,1179.292606108356
8.183972160351333,-18.1291199333687,114.6775717355522,1180.292606027797
8.115131684778611,-18.1436970528873,114.6870968645226,1181.292606261559
8.046290960695487,-18.15827060031115,114.6966742095246,1182.292606180999
7.977449993136967,-18.17284060841903,114.7063037826192,1183.29260610044
7.908608787136311,-18.18740710862948,114.7159855955779,1184.292606019881
7.83976734772506,-18.20197013364238,114.725719659873,1185.292606253643
7.770925679933059,-18.21652971217467,114.7355059866813,1186.292606173083
7.702083788788443,-18.23108587683585,114.7453445868878,1187.292606092524
7.633241679317681,-18.24563866020698,114.7552354710697,1188.292606326286
7.564399356545557,-18.26018809088259,114.7651786495207,1189.292606245726
7.495556825495203,-18.27473420135566,114.7751741322327,1190.292606165167
7.426714091188102,-18.28927702277783,114.7852219289007,1191.292606084608
7.357871158644095,-18.30381658756363,114.7953220489208,1192.29260631837
7.289028032881405,-18.31835292415868,114.8054745013978,1193.29260623781
7.220184718916642,-18.33288606490709,114.8156792951368,1194.292606157251
7.151341221764816,-18.3474160408033,114.8259364386404,1195.292606076691
7.08249754643933,-18.36194288411757,114.8362459401233,1196.292606310453
7.013653697952032,-18.37646662314622,114.8466078074962,1197.292606229894
6.944809681313189,-18.39098729008719,114.8570220483707,1198.292606149334
6.875965501531512,-18.40550491579024,114.8674886700646,1199.292606068775
6.80712116361416,-18.42001953238566,114.878007679602,1200.292606302537
6.738276672566775,-18.43453116801991,114.888579083693,1201.292606221978
6.669432033393456,-18.4490398547589,114.8992028887678,1202.292606141418
6.600587251096797,-18.46354562330708,114.9098791009446,1203.292606060859
6.531742330677888,-18.47804850566074,114.9206077260515,1204.292606294621
6.462897277136329,-18.49254852983382,114.9313887696126,1205.292606214061
6.394052095470238,-18.50704572775287,114.9422222368576,1206.292606133502
6.325206790676261,-18.52154012999121,114.9531081327113,1207.292606052943
6.25636136774958,-18.53603176841203,114.964046461806,1208.292606286705
6.187515831683938,-18.55052067090419,114.975037228467,1209.292606206145
6.118670174153981,-18.5650068695561,114.9860804356795,1210.292606125586
6.04982442678531,-18.57949039422482,114.9971760892795,1211.292606045026
5.980978581250281,-18.5939712769403,115.00832419164,1212.292606278788
5.912132642536936,-18.60844954546723,115.0195247458887,1213.292606198229
5.843286615631911,-18.62292523148259,115.0307777548587,1214.292606117669
5.774440505520451,-18.63739836530969,115.0420832210793,1215.29260603711
5.705594317186422,-18.65186897856956,115.0534411467906,1216.292606270872
5.636748055612333,-18.66633709889873,115.0648515339099,1217.292606190313
5.567901725779321,-18.68080275785883,115.0763143840759,1218.292606109753
5.499055332667172,-18.69526598566248,115.0878296986139,1219.292606029194
5.430208881254337,-18.70972681380842,115.0993974785588,1220.292606262956
5.361362376517945,-18.72418526983193,115.1110177246292,1221.292606182396
5.292515823433781,-18.73864138517192,115.1226904372579,1222.292606101837
5.223669226976338,-18.7530951899393,115.1344156165742,1223.292606021278
5.154822592118797,-18.76754671551949,115.1461932623952,1224.29260625504
5.085975923833058,-18.78199598934065,115.1580233742507,1225.29260617448
5.017129227089722,-18.79644304274097,115.1699059513612,1226.292606093921
4.948282506858125,-18.81088790703315,115.1818409926491,1227.292606327683
4.87943576810634,-18.82533060956872,115.1938284967309,1228.292606247123
4.810589015801182,-18.83977118160548,115.2058684619287,1229.292606166564
4.741742254908217,-18.85420965307395,115.2179608862571,1230.292606086005
4.672895490391774,-18.86864605518819,115.2301057674313,1231.292606319766
4.604048727214958,-18.88308041519919,115.242303102862,1232.292606239207
4.535201970339653,-18.89751276427227,115.254552889659,1233.292606158648
4.466355224726535,-18.91194313224019,115.2668551246343,1234.292606078088
4.397508495335069,-18.92637155022555,115.2792098042946,1235.29260631185
4.328661787123543,-18.94079804538448,115.2916169248392,1236.292606231291
4.259815105049047,-18.9552226488,115.3040764821744,1237.292606150731
4.19096845406751,-18.96964539020788,115.3165884718965,1238.292606070172
4.122121839133677,-18.98406630064644,115.3291528893023,1239.292606303934
4.053275265201155,-18.99848540719051,115.3417697293889,1240.292606223375
3.98442873722239,-19.01290274082856,115.354438986843,1241.292606142815
3.915582260148691,-19.02731833122107,115.3671606560565,1242.292606062256
3.846735838930238,-19.04173220931943,115.3799347311133,1243.292606296018
3.777889478516084,-19.05614440211779,115.3927612057978,1244.292606215458
3.709043183854171,-19.07055494052849,115.4056400735899,1245.292606134899
3.640196959891335,-19.08496385413256,115.4185713276647,1246.29260605434
3.571350811573311,-19.09937117380636,115.4315549608982,1247.292606288102
3.502504743844749,-19.11377692646555,115.444590965858,1248.292606207542
3.433658761649215,-19.12818114295027,115.4576793348133,1249.292606126983
3.364812869929205,-19.14258385276894,115.470820059727,1250.292606046423
3.295967073626151,-19.15698508672519,115.4840131322599,1251.292606280185
3.227121377680427,-19.17138487166814,115.4972585437708,1252.292606199626
3.158275787031359,-19.18578323836785,115.5105562853123,1253.292606119066
3.089430306617238,-19.20018021626563,115.5239063476311,1254.292606038507
3.020584941375317,-19.21457583609931,115.5373087211783,1255.292606272269
2.951739696241834,-19.22897012465366,115.5507633960942,1256.29260619171
2.882894576152007,-19.24336311263727,115.564270362217,1257.29260611115
2.814049586040047,-19.2577548294248,115.5778296090821,1258.292606030591
2.745204730839164,-19.27214530570035,115.5914411259246,1259.292606264353
2.676360015481584,-19.28653456818467,115.605104901666,1260.292606183793
2.607515444898544,-19.30092264752707,115.6188209249367,1261.292606103234
2.538671024020311,-19.31530957305563,115.6325891840488,1262.292606022675
2.469826757776179,-19.32969537538794,115.6464096670225,1263.292606256437
2.400982651094487,-19.34408008119764,115.6602823615713,1264.292606175877
2.332138708902627,-19.35846372108166,115.6742072550942,1265.292606095318
2.263294936127037,-19.37284632431387,115.6881843347019,1266.292606014758
2.194451337693228,-19.38722792146537,115.7022135871921,1267.29260624852
2.125607918525784,-19.40160853915658,115.716294999057,1268.292606167961
2.056764683548363,-19.41598820794391,115.7304285564942,1269.292606087402
1.987921624553652,-19.43036695845163,115.7446142450435,1270.292606321163
1.919078772723141,-19.44474481709041,115.7588520509807,1271.292606240604
1.8502361198482,-19.45912181446684,115.7731419592355,1272.292606160045
1.781393670848889,-19.47349797978148,115.7874839547749,1273.292606079485
1.712551430644387,-19.48787334353297,115.8018780222756,1274.292606313247
1.643709404153003,-19.50224793226975,115.8163241460998,1275.292606232688
1.574867596292176,-19.51662177647399,115.8308223103049,1276.292606152128
1.506026011978489,-19.53099490530323,115.8453724986512,1277.292606071569
1.437184656127676,-19.54536734922588,115.8599746945911,1278.292606305331
1.368343533654628,-19.55973913475503,115.8746288812699,1279.292606224772
1.299502649473401,-19.57411029234187,115.8893350415292,1280.292606144212
1.230662008497223,-19.58848085110964,115.9040931579093,1281.292606063653
1.161821615638502,-19.60285084149685,115.9189032126442,1282.292606297415
1.092981475808839,-19.61722028999302,115.9337651876649,1283.292606216855
1.024141593919023,-19.63158922701394,115.9486790645942,1284.292606136296
0.9553019748790532,-19.64595768166836,115.9636448247547,1285.292606055737
0.8864626235981328,-19.66032568436049,115.9786624491626,1286.292606289499
0.8176235449846908,-19.67469326155648,115.9937319185292,1287.292606208939
0.7487847439463768,-19.6890604436601,116.0088532132622,1288.29260612838
0.6799462253900762,-19.70342725974797,116.0240263134638,1289.29260604782
0.6111079942219136,-19.71779374021314,116.0392511989321,1290.292606281582
0.5422700553472657,-19.73215991149893,116.0545278491636,1291.292606201023
0.4734324136707627,-19.74652580399389,116.0698562433463,1292.292606120463
0.4045950740962989,-19.76089144675773,116.0852363603663,1293.292606039904
0.3357580415270388,-19.77525687017104,116.1006681788022,1294.292606273666
0.2669213208654299,-19.78962210066921,116.1161516769389,1295.292606193107
0.1980849170132022,-19.80398716861797,116.1316868327376,1296.292606112547
0.1292487983849038,-19.81835210307992,116.1472736146043,1297.292606031988
0.06041306228584192,-19.832716934417,116.1629120256794,1298.29260626575
-4.338318646445616e-09,-19.84532409280109,116.1766795029434,1299.17025124887
