89.87940835507034,-118.9188897366415,114.247582057792,0
89.88245606085123,-116.0478346665571,114.2475842031481,0.1000000862404704
89.88958899798035,-106.6993386037857,114.2475561976062,0.3969221957959235
89.88988472837862,-74.70958660100938,114.2471520691797,1.304060581605881
89.76201614618488,-26.89698856285124,114.2430284631491,4.03898652875796
89.19149622013735,-8.018946338537276,114.2002783166245,12.82236557453871
88.52468786674807,-4.647250151644049,114.0968287396163,22.82236539758742
87.85587444989363,-3.402220549815106,113.9350674666402,32.8223655349575
87.18645011183121,-2.769051420542881,113.7150179975606,42.82236567232758
86.51672810812866,-2.395179808264126,113.4367127365131,52.82236549537629
85.84681106071416,-2.155218880712304,113.1001929976028,62.82236563274637
85.17673716119405,-1.993391605247306,112.7055090133845,72.82236545579508
84.50651939254587,-1.881117788269343,112.2527199360802,82.82236559316516
83.83615926164475,-1.802240065425622,111.7418938443279,92.82236541621387
83.16565242333482,-1.7469362706029,111.1731077459626,102.8223655535839
82.49499129872451,-1.708891817305534,110.5464475805329,112.822365690954
81.8241664075138,-1.683862370924533,109.8620089813758,122.8223655140027
81.15316707736979,-1.668889778269027,109.1198945086471,132.8223656513728
80.48198192488961,-1.661849050081811,108.3202174573262,142.8223654744215
79.8105990234517,-1.661174524348154,107.4630995072139,152.8223656117916
79.13900612096189,-1.665687092370218,106.5486712692164,162.8223654348403
78.46719073105984,-1.674481867980282,105.5770722802145,172.8223655722104
77.79514020409184,-1.686852840892535,104.5484509980797,182.8223653952591
77.122841776326,-1.702241093545538,103.4629647958418,192.8223655326292
76.45028259093075,-1.720198409437836,102.3207799523361,202.8223656699993
75.77744977953228,-1.740361063882485,101.1220716537018,212.822365493048
75.10433039706103,-1.762430943753315,99.86702397024692,222.8223656304181
74.43091149226275,-1.786161304380141,98.55582985562523,232.8223654534668
73.75718010488517,-1.811346187364223,97.18869113353412,242.8223655908369
73.08312327456636,-1.837812318035067,95.76581848566912,252.8223654138856
72.40872804802984,-1.865412877132873,94.28743143883457,262.8223655512556
71.73398147101335,-1.894022648696725,92.75375834801343,272.8223656886257
71.05887064933691,-1.923534116702619,91.16503639418352,282.8223655116744
70.38338266911859,-1.953854547920954,89.52151155039155,292.8223656490445
69.7075046566037,-1.98490346467346,87.82343857786418,302.8223654720932
69.03122376751033,-2.016610707416973,86.07108100605637,312.8223656094633
68.35452719007579,-2.048914822672349,84.26471111517185,322.822365432512
67.6774021478606,-2.081761761388904,82.40460991797408,332.8223655698821
66.99983588834822,-2.115103803166972,80.4910671372636,342.8223657072522
66.32181574148662,-2.148898600944169,78.52438120160696,352.8223655303009
65.6433290379473,-2.183108529602859,76.50485920306255,362.822365667671
64.96436316746949,-2.217699986037343,74.43281689169362,372.8223654907197
64.2849055670553,-2.252642886177907,72.30857865103098,382.8223656280898
63.60494372313352,-2.287910206179351,70.13247747674359,392.8223654511385
62.92446517368833,-2.3234776115498,67.904854954847,402.8223655885085
62.24345749633898,-2.359323133172271,65.62606123507976,412.8223654115573
61.56190836652469,-2.39542684847233,63.29645502542826,422.8223655489273
60.87980547543943,-2.43177070683736,60.91640354303308,432.8223656862974
60.19713658820153,-2.468338274965879,58.48628250755519,442.8223655093461
59.51388953190542,-2.505114573165161,56.00647611253771,452.8223656467162
58.83005219770137,-2.542085909183402,53.47737700048401,462.8223654697649
58.14561253085373,-2.579239760690786,50.8993862332045,472.822365607135
57.46055858094974,-2.616564608631666,48.2729132816612,482.8223654301837
56.77487843184067,-2.65404989704094,45.59837597480055,492.8223655675538
56.08856025187288,-2.691685894450884,42.87620048773351,502.8223657049239
55.40159228399588,-2.729463625186975,40.10682130892928,512.8223655279726
54.71396284791327,-2.767374800841553,37.29068121047658,522.8223656653427
54.02566034224989,-2.805411746809967,34.42823121727088,532.8223654883914
53.33667323269059,-2.843567364366308,31.51993056997799,542.8223656257614
52.6469901103608,-2.881835033961028,28.56624671191639,552.8223654488102
51.95659960978001,-2.920208633418207,25.56765522437854,562.8223655861802
51.26549046727502,-2.958682450962392,22.52463981062101,572.822365409229
50.57365150919247,-2.997251168196609,19.43769225328015,582.822365546599
49.88107165417368,-3.03590981804138,16.3073123751692,592.8223656839691
49.1877399154483,-3.074653759105567,13.13400799825376,602.8223655070178
48.49364538908795,-3.113478660320516,9.918294895617692,612.8223656443879
47.79877731257132,-3.152380437989481,6.66069676749521,622.8223654674366
47.10312498278738,-3.191355289225115,3.361745163191699,632.8223656048067
46.40667781463457,-3.230399631638234,0.02197945289390191,642.8223654278554
45.70942532935255,-3.269510103426943,-3.358053228773315,652.8223655652255
45.01135715692968,-3.308683537849508,-6.777798036264358,662.8223657025956
44.31246303852943,-3.34791695226968,-10.23669246907048,672.8223655256443
43.61273281486174,-3.387207544729126,-13.73416643537439,682.8223656630144
42.91215648493881,-3.42655264733922,-17.26964229200439,692.8223654860631
42.21072412412157,-3.465949763174616,-20.84253493945107,702.8223656234331
41.50842594290769,-3.505396520046861,-24.45225186704829,712.8223654464819
40.80525227537728,-3.54489067784196,-28.09819322707426,722.8223655838519
40.10119358172757,-3.584430109242289,-31.77975190630968,732.8223654069006
39.39624045082419,-3.624012802168389,-35.49631360035801,742.8223655442707
38.69038358867997,-3.663636848395303,-39.24725689582829,752.8223656816408
37.98361387739055,-3.703300419597856,-43.03195332964697,762.8223655046895
37.27592229320624,-3.743001796730851,-46.84976750247461,772.8223656420596
36.56729996549221,-3.782739333677645,-50.70005714348554,782.8223654651083
35.85773816526641,-3.822511467718305,-54.58217320363383,792.8223656024784
35.14722830783613,-3.862316704013827,-58.4954599464545,802.8223654255271
34.43576195544507,-3.902153621446828,-62.43925504160234,812.8223655628972
33.7233308058264,-3.942020863491032,-66.41288966588218,822.8223657002673
33.00992675127982,-3.981917120596155,-70.41568858262235,832.822365523316
32.29554179672659,-4.021841156852158,-74.44697027230177,842.822365660686
31.58016811879373,-4.06179177957385,-78.50604701695556,852.8223654837348
30.86379805439091,-4.101767851019931,-82.59222501149725,862.8223656211048
30.14642410338975,-4.141768274857252,-86.70480447260888,872.8223654441535
29.42803893130209,-4.181792003829079,-90.84307975001138,882.8223655815236
28.70863535783668,-4.221838030178072,-95.00633944449601,892.8223654045723
27.98820641603841,-4.261905379268907,-99.1938665061316,902.8223655419424
27.2667452702465,-4.301993119818178,-103.4049383791653,912.8223656793125
26.54424527521086,-4.342100351037021,-107.6388271045562,922.8223655023612
25.8206999646122,-4.382226208197355,-111.8947994470382,932.8223656397313
25.09610305368215,-4.422369851496305,-116.1721170198853,942.82236546278
24.37044842969273,-4.462530477285873,-120.4700364151422,952.8223656001501
23.64373020297753,-4.502707295613942,-124.7878093190138,962.8223654231988
22.91594263682306,-4.542899554573355,-129.1246826634097,972.8223655605689
22.18708019843317,-4.583106519174881,-133.4798987453614,982.8223656979389
21.4571375493124,-4.623327476470169,-137.852695365681,992.8223655209877
20.72610954772445,-4.663561738090673,-142.2423059662751,1002.822365658358
19.99399125111211,-4.703808629764538,-146.647959769537,1012.822365481406
19.26077790433505,-4.744067502855449,-151.0688819231245,1022.822365618777
18.52646499856729,-4.78433771346522,-155.5042936304471,1032.822365441825
17.79104818874089,-4.824618645768489,-159.9534123163803,1042.822365579195
17.05452335234174,-4.864909691024046,-164.4154517619227,1052.822365402244
16.31688657745099,-4.90521025944669,-168.8896222578096,1062.822365539614
15.57813416486887,-4.945519770017082,-173.3751307570428,1072.822365676984
14.83826263017821,-4.985837653463641,-177.8711810297546,1082.822365500033
14.09726869159365,-5.026163356964578,-182.3769738228793,1092.822365637403
13.35514932849743,-5.066496327418188,-186.891707009775,1102.822365460452
12.61190169840262,-5.106836031200676,-191.4145757674705,1112.822365597822
11.86752319534567,-5.1471819360399,-195.9447727309762,1122.82236542087
11.12201143745508,-5.187533522442595,-200.4814881629318,1132.822365558241
10.37536426859264,-5.227890273744356,-205.0239101231937,1142.822365695611
9.627579759915447,-5.268251679302283,-209.5712246410149,1152.822365518659
8.87865619719833,-5.308617238724107,-214.1226158913551,1162.822365656029
8.128592138860821,-5.348986447799007,-218.677266365672,1172.822365479078
7.377386332332894,-5.389358814672145,-223.2343570617368,1182.822365616448
6.625037771906812,-5.429733844327306,-227.7930676592741,1192.822365439497
5.871545685713016,-5.470111049510781,-232.3525767065539,1202.822365576867
5.116909536761775,-5.510489939547281,-236.9120618077504,1212.822365399916
4.361129023891768,-5.550870030192623,-241.4706998126603,1222.822365537286
3.604204068462328,-5.591250834180733,-246.0276670093936,1232.822365674656
2.846134871758616,-5.63163186276677,-250.5821393158185,1242.822365497705
2.086921830682029,-5.672012631726669,-255.1332924802764,1252.822365635075
1.326565594958908,-5.712392649600797,-259.6803022768127,1262.822365458123
0.5650670534412516,-5.752771428020711,-264.2223447061033,1272.822365595493
-0.1975726655319341,-5.793148470513678,-268.7585961972445,1282.822365418542
-0.96135219387537,-5.833523282329629,-273.2882338110303,1292.822365555912
-1.72626993776385,-5.87389536034137,-277.8104354442376,1302.822365693282
-2.492324020929503,-5.914264196968657,-282.324380036458,1312.822365516331
-3.259512369690893,-5.954629282468301,-286.829247775232,1322.822365653701
-4.027832656460719,-5.994990095511769,-291.3242203042091,1332.82236547675
-4.797282314174114,-6.035346112813444,-295.8084809307238,1342.82236561412
-5.567858536661684,-6.075696797807515,-300.2812148337989,1352.822365437169
-6.339558279130948,-6.116041610356945,-304.7416092721542,1362.822365574539
-7.112378272916593,-6.156379994555417,-309.1888537906234,1372.822365397587
-7.886314969540686,-6.196711391515673,-313.6221404324697,1382.822365534957
-8.661364626484525,-6.237035224647436,-318.0406639385756,1392.822365672328
-9.437523251468697,-6.277350905613929,-322.4436219577565,1402.822365495376
-10.21478661764663,-6.317657836526287,-326.8302152499655,1412.822365632746
-10.99315026474942,-6.357955399719744,-331.1996478892443,1422.822365455795
-11.77260951247547,-6.398242965969787,-335.5511274631981,1432.822365593165
-12.55315941332839,-6.438519887408845,-339.8838652794948,1442.822365416214
-13.33479482689739,-6.478785500057421,-344.1970765527794,1452.822365553584
-14.11751037291807,-6.519039117758162,-348.4899806066132,1462.822365690954
-14.90130044511216,-6.559280033677243,-352.7618010644328,1472.822365514003
-15.68615921300565,-6.599507522788339,-357.0117660395945,1482.822365651373
-16.47208062385794,-6.639720831171317,-361.2391083226375,1492.822365474422
-17.25905841884689,-6.679919182865739,-365.4430655626693,1502.822365611792
-18.04708607863496,-6.72010177564831,-369.6228804604189,1512.82236543484
-18.83615691050356,-6.760267777867611,-373.7778009289277,1522.82236557221
-19.62626399413108,-6.800416323790293,-377.9070802799142,1532.822365395259
-20.41740019820934,-6.840546520123635,-382.0099773924148,1542.822365532629
-21.20955818301639,-6.880657434596243,-386.0857568808215,1552.822365669999
-22.00273040309047,-6.920748097553069,-390.133689259369,1562.822365493048
-22.79690912413525,-6.96081750062524,-394.1530510992825,1572.822365630418
-23.59208636935622,-7.000864595674484,-398.1431252008942,1582.822365453467
-24.38825400722445,-7.040888286303109,-402.1032007249969,1592.822365590837
-25.18540369799198,-7.08088742486626,-406.0325733572863,1602.822365413886
-25.98352691096517,-7.120860816994059,-409.9305454506793,1612.822365551256
-26.78261492772639,-7.160807208809137,-413.796426167456,1622.822365688626
-27.5826588454349,-7.200725286989803,-417.6295316175274,1632.822365511674
-28.38364959431985,-7.240613675011877,-421.4291849884321,1642.822365649045
-29.18557788465747,-7.280470933387041,-425.1947166932559,1652.822365472093
-29.9884342949933,-7.320295544547436,-428.9254644710727,1662.822365609463
-30.79220921924315,-7.360085910769034,-432.6207735267981,1672.822365432512
-31.59689288444547,-7.399840355546162,-436.2799966454568,1682.822365569882
-32.40247535444723,-7.439557108201146,-439.902494306747,1692.822365707252
-33.20894653363747,-7.479234301059875,-443.4876347956042,1702.822365530301
-34.01629618482212,-7.518869961652999,-447.0347943038605,1712.822365667671
-34.82451387664142,-7.558462012983937,-450.5433570521527,1722.82236549072
-35.63358907201636,-7.598008249325885,-454.0127153593794,1732.82236562809
-36.44351107562083,-7.637506333356983,-457.4422697564223,1742.822365451138
-37.2542690518802,-7.676953791994784,-460.8314290717863,1752.822365588509
-38.06585202888599,-7.716347994459144,-464.179610518021,1762.822365411557
-38.87824890232308,-7.755686150248947,-467.4862397741899,1772.822365548927
-39.69144845348227,-7.794965280766598,-470.7507510592704,1782.822365686297
-40.50543929688115,-7.834182229600423,-473.9725872273721,1792.822365509346
-41.32020996867622,-7.873333617776972,-477.1511998077322,1802.822365646716
-42.1357488742668,-7.912415837312085,-480.2860490923149,1812.822365469765
-42.9520443062892,-7.951425036070787,-483.3766041940662,1822.822365607135
-43.76908444851177,-7.990357084699523,-486.4223431067103,1832.822365430184
-44.58685737970669,-8.029207562075294,-489.4227527610419,1842.822365567554
-45.40535109155029,-8.067971711643809,-492.377329072594,1852.822365704924
-46.22455343620476,-8.106644440582008,-495.2855770122651,1862.822365527973
-47.04445221443883,-8.145220250036619,-498.1470106213073,1872.822365665343
-47.86503512312138,-8.183693213054964,-500.9611530757902,1882.822365488391
-48.68628977296174,-8.222056935273834,-503.7275367218854,1892.822365625761
-49.5082036921363,-8.2603044956431,-506.4457031136653,1902.82236544881
-50.3307643298563,-8.298428402037102,-509.1152030482117,1912.82236558618
-51.15395907390526,-8.336420510680943,-511.7355965930974,1922.822365409229
-51.97777519793315,-8.374271998702024,-514.3064531371047,1932.822365546599
-52.80219994902855,-8.411973227539782,-516.8273513872027,1942.822365683969
-53.62722049485001,-8.449513688093177,-519.2978794147921,1952.822365507018
-54.45282394085383,-8.486881893622327,-521.7176346739889,1962.822365644388
-55.27899733339191,-8.5240652524789,-524.0862240230035,1972.822365467437
-56.10572767472331,-8.561049934792871,-526.4032637392675,1982.822365604807
-56.93300187785489,-8.597820738999513,-528.6683795533963,1992.822365427855
-57.76080684140715,-8.63436087295298,-530.8812066392611,2002.822365565225
-58.58912940421806,-8.670651768289877,-533.0413896439413,2012.822365702596
-59.41795635989409,-8.706672833091764,-535.1485826945609,2022.822365525644
-60.24727445921073,-8.742401171695457,-537.2024494071557,2032.822365663014
-61.0770704123674,-8.777811242113613,-539.2026628933327,2042.822365486063
-61.90733090507914,-8.812874461447338,-541.1489057602294,2052.822365623433
-62.73804254453425,-8.847558778767883,-543.0408701299684,2062.822365446482
-63.56919194510398,-8.881828060190992,-544.8782576126214,2072.822365583852
-64.40076567390635,-8.915641464279558,-546.660779320684,2082.822365406901
-65.23275026611867,-8.948952644981727,-548.3881558587,2092.822365544271
-66.06513222603878,-8.981708779876156,-550.0601173144769,2102.822365681641
-66.89789802785334,-9.013849402507436,-551.6764032474493,2112.82236550469
-67.73103413003409,-9.045304954692764,-553.2367626704054,2122.82236564206
-68.56452691947528,-9.075995068744451,-554.7409540467233,2132.822365465108
-69.39836279485273,-9.105826280631616,-556.1887452473711,2142.822365602478
-70.23252810965755,-9.134689318212629,-557.5799135424286,2152.822365425527
-71.06700918433127,-9.162455600436738,-558.9142455708443,2162.822365562897
-71.90179230345105,-9.188972762156954,-560.1915373112297,2172.822365700267
-72.73686371163927,-9.214058892754329,-561.4115940499905,2182.822365523316
-73.57220962172053,-9.237494989821634,-562.5742303442012,2192.822365660686
-74.40781615083998,-9.25901508440745,-563.6792699966672,2202.822365483735
-75.24366939286882,-9.278292779791906,-564.7265460000917,2212.822365621105
-76.07975534682782,-9.294923169150982,-565.7159005089934,2222.822365444154
-76.91605990857229,-9.308397694886361,-566.6471847956718,2232.822365581524
-77.7525688389707,-9.31806869764592,-567.5202592084552,2242.822365404572
-78.58926771764635,-9.323098378757816,-568.3349931296843,2252.822365541942
-79.42614188821929,-9.322383446023723,-569.091264931988,2262.822365679312
-80.26317629809414,-9.314441075711976,-569.7889619449679,2272.822365502361
-81.10035541791194,-9.297230053075202,-570.4279804035878,2282.822365639731
-81.93766291909441,-9.267860864379214,-571.0082254181489,2292.82236546278
-82.77508123488511,-9.222103888806929,-571.5296109365727,2302.82236560015
-83.61259075017055,-9.153510655743716,-571.9920600702362,2312.822365423199
-84.45016825950729,-9.051739417101935,-572.3955034762494,2322.822365560569
-84.99999999723512,-8.958868182321005,-572.6282267637152,2329.386638570577
